baseMean	log2FoldChange	lfcSE	stat	pvalue	padj
leptidea_sinapisG00000014808	56.9456093908643	-3.29768964436459	0.899550493792032	-3.6659305587875	0.000246440796949164	0.0304775927700684
leptidea_sinapisG00000005040	27.9573805670449	-5.12957037095657	1.10174763372826	-4.65584877509412	3.22648701713956e-06	0.00297008180925773
leptidea_sinapisG00000007557	18.796640902022	3.31153054222396	0.855502869815821	3.87085848459736	0.000108452741109076	0.0173609098398509
leptidea_sinapisG00000008341	16.9268924052431	-1.44584930379542	0.362068581496082	-3.99330231256496	6.51594058982912e-05	0.0136096279119564
leptidea_sinapisG00000012431	18.9863138740021	-1.03891113192757	0.249670620915979	-4.16112688035164	3.16681070813303e-05	0.00960156575669107
leptidea_sinapisG00000011566	66.4461673914785	-6.53195069205655	1.08822633705479	-6.0023824728731	1.94443000927005e-09	6.09189921904306e-06
leptidea_sinapisG00000007057	12.558284994656	1.09032082763993	0.314373597785175	3.46823281382872	0.00052389320225294	0.0460193664296764
leptidea_sinapisG00000013362	16.0637130763976	-1.03821016178676	0.27666823038887	-3.75254564041383	0.000175047949940857	0.0253119335614479
leptidea_sinapisG00000006877	14.1598452612902	-2.8873052406146	0.746728046108148	-3.86660880847166	0.00011035923748003	0.0173609098398509
leptidea_sinapisG00000004185	12.4136595832665	-2.629868501467	0.634867581480488	-4.14238902439189	3.43706692210973e-05	0.00995709358689141
leptidea_sinapisG00000013791	12.7915313558522	3.38965005744266	0.948475054118018	3.57378936085428	0.000351852013342122	0.0379316317480269
leptidea_sinapisG00000001581	8.84051116584264	-1.58319854433052	0.436076689463162	-3.63055073244006	0.000282817105363438	0.0324170484550117
leptidea_sinapisG00000002686	36.6807628389872	3.32484794109278	0.889045272866565	3.73979598403624	0.000184169672343166	0.0262274356114153
leptidea_sinapisG00000004533	26.7440582912726	-1.76720512133414	0.28070410375453	-6.29561555280832	3.06182370739121e-10	2.877808102577e-06
leptidea_sinapisG00000008770	3.36845366023439	-1.64424276123452	0.451964751360953	-3.63798892786083	0.000274775234600646	0.0322826553751434
leptidea_sinapisG00000012089	35.0330222111535	-1.34617476034669	0.342686903304292	-3.92829357459086	8.55507381940355e-05	0.0151715356280328
leptidea_sinapisG00000008208	7.19818051763891	-3.03895251019299	0.723633381109955	-4.19957479785088	2.67416682533601e-05	0.00906026380654772
leptidea_sinapisG00000002998	40.7953150224114	-1.86526478807989	0.534026001778727	-3.49283514635446	0.000477921453023313	0.0449198373696612
leptidea_sinapisG00000004666	50.6539559890495	3.39029605373018	0.930520976187784	3.64343861179761	0.000269019835847328	0.032019569852012
leptidea_sinapisG00000005974	28.469605462036	-3.36628854473676	0.856635544813825	-3.92966246277858	8.50651868362605e-05	0.0151715356280328
leptidea_sinapisG00000006102	8.48715181876126	-1.49496720206566	0.323542377822592	-4.62062253521978	3.82590297748842e-06	0.00297008180925773
leptidea_sinapisG00000004999	13.3074107888876	-2.08231288511749	0.517578555015288	-4.0231823071881	5.74170170637579e-05	0.0131625010581039
leptidea_sinapisG00000004830	11.0134766768134	-1.60103951843439	0.380668301900374	-4.20586508107366	2.60085365750334e-05	0.00906026380654772
leptidea_sinapisG00000002850	6.40542774931351	-1.09441463935368	0.300388228754025	-3.6433339744809	0.000269129271019145	0.032019569852012
leptidea_sinapisG00000014146	14.7059860152234	-1.24442969739951	0.345624695640411	-3.60052309078693	0.000317577622193479	0.0355346675118632
leptidea_sinapisG00000014154	14.062843906647	-1.15199041826236	0.295323004827078	-3.90078117665398	9.58827903390204e-05	0.0160928990427938
leptidea_sinapisG00000005190	31.1801212639482	-1.02473712401678	0.266869010724186	-3.8398505740176	0.000123109217715527	0.0183667228144165
leptidea_sinapisG00000005301	9.48583646885935	-2.41013073069125	0.687469074049577	-3.50580240140002	0.000455233045602001	0.0436605652613593
leptidea_sinapisG00000013252	7.51835582225124	-2.85960954536952	0.707221251597012	-4.04344402676262	5.26717349282701e-05	0.0123765409147703
leptidea_sinapisG00000014955	313.303361053347	-1.78635516089057	0.486173634939165	-3.67431516748968	0.000238488210101014	0.029887342489859
leptidea_sinapisG00000007906	6.68554589774422	-1.16739097621	0.291653547689896	-4.00266338419872	6.2633385796456e-05	0.0136096279119564
leptidea_sinapisG00000006355	52.6982124443321	-1.2504465552848	0.351610800352346	-3.55633716038227	0.000376061395267706	0.0388417698255074
leptidea_sinapisG00000007001	10.2099970487428	-1.44738324134989	0.321491853450724	-4.50208372565104	6.72904616083076e-06	0.00337444464004487
leptidea_sinapisG00000001186	29.5270976048179	-4.92860842945389	0.978060586917191	-5.03916474641788	4.67567882050382e-07	0.00086995753274112
leptidea_sinapisG00000013278	79.6047137944259	-1.40305208853529	0.280266782418094	-5.00613050333683	5.55351122081787e-07	0.00086995753274112
leptidea_sinapisG00000009481	32.0894201490229	3.37529319552822	0.952103669901029	3.54508999621762	0.000392479056686747	0.0396657059548251
leptidea_sinapisG00000007390	10.1838669106568	-3.43170516536278	0.79173918345279	-4.33438844140193	1.46165886936644e-05	0.00597310074485877
leptidea_sinapisG00000003485	23.764264808055	-2.18883120387413	0.531092116928153	-4.12137769344869	3.76613398002022e-05	0.0104111450818265
leptidea_sinapisG00000015143	33.0938100256414	-1.24435313671192	0.316414745654247	-3.93266481351551	8.40093421036512e-05	0.0151715356280328
leptidea_sinapisG00000014880	6.55962964096843	3.55935887042322	0.890841345812483	3.99550255177811	6.45571617562961e-05	0.0136096279119564
leptidea_sinapisG00000008734	11.2855534355553	-1.13660383248569	0.270782831757337	-4.19747376563468	2.69908912206975e-05	0.00906026380654772
leptidea_sinapisG00000012441	159.384095292154	-1.43320950718986	0.319323464880819	-4.48826868305709	7.18043332278938e-06	0.00337444464004487
leptidea_sinapisG00000006947	20.9096492933155	-1.25387250925837	0.325196650824045	-3.85573623246447	0.000115381846241945	0.0174915156907749
leptidea_sinapisG00000004561	32.499680794405	-1.01512373420542	0.211009488710952	-4.810796615862	1.50329928706164e-06	0.00201850142844177
leptidea_sinapisG00000012998	35.3591292866185	-1.06327273468265	0.248887952851414	-4.27209401861817	1.93645893248043e-05	0.00728031100255342
leptidea_sinapisG00000005041	26.7211244149166	-1.03387005761912	0.280636242291668	-3.68402188247877	0.000229582518870874	0.0297049717333804
leptidea_sinapisG00000008709	13.9404297842006	-1.09146736801252	0.282355490670043	-3.86557869097007	0.000110826108138212	0.0173609098398509
leptidea_sinapisG00000009618	7.6008161357996	1.65153231499727	0.47206765270107	3.49850769386032	0.000467869590503056	0.0444192553650326
leptidea_sinapisG00000002967	45.842556630835	-1.17425984451489	0.19287658517699	-6.08814099149126	1.1422925812118e-09	5.36820398540487e-06
leptidea_sinapisG00000002416	3.07656615803194	-2.2758675770476	0.626669049971472	-3.63168976854881	0.000281571489802248	0.0324170484550117
leptidea_sinapisG00000014950	4.77021975350866	-1.63461919716354	0.466167204908754	-3.50650835140471	0.000454027188574568	0.0436605652613593
leptidea_sinapisG00000006065	86.475550256944	-1.28387881538829	0.359493716927077	-3.5713525854159	0.000355142418749481	0.0379316317480269
leptidea_sinapisG00000008212	6.1455012287018	-2.92674799626349	0.744295486819847	-3.93223934323264	8.41582115117876e-05	0.0151715356280328
leptidea_sinapisG00000003910	7.5987603214886	1.11490883985035	0.313137859991924	3.56044088657662	0.000370232652798222	0.0388417698255074
leptidea_sinapisG00000015353	55.034528299058	3.94173058589584	0.95245556964054	4.13849287204385	3.4959473174531e-05	0.00995709358689141
leptidea_sinapisG00000008337	32.6267011773849	-1.16834172643788	0.250581535069992	-4.66252122731843	3.12358856255307e-06	0.00297008180925773
leptidea_sinapisG00000004344	11.7525295530005	-1.52882438674609	0.32362482319711	-4.72406403082042	2.31177576011036e-06	0.00271604754615966
leptidea_sinapisG00000001476	17.7046993461064	-2.41842533026256	0.695634276221335	-3.4765758573591	0.000507860538231583	0.0451708919628853
leptidea_sinapisG00000011911	99.4210265504239	-1.0245829916216	0.250183689563579	-4.09532289418582	4.21580403593702e-05	0.0111068594348284
leptidea_sinapisG00000007957	30.0530830243211	3.2548685385826	0.940868903593307	3.45942832859266	0.000541323319982445	0.0466779622432569
leptidea_sinapisG00000015266	1013.23945896165	5.47090873189584	1.18529831409944	4.61563866818835	3.91888268008868e-06	0.00297008180925773
leptidea_sinapisG00000015074	109.24161744145	-3.13746479002824	0.749447204212268	-4.18637199844648	2.83448660796893e-05	0.00918666883734483
leptidea_sinapisG00000012152	26.6963531070264	-3.18336238499002	0.90091754251543	-3.53346697645806	0.000410147325331149	0.0405786811661838
leptidea_sinapisG00000009869	21.1898217889069	-1.59732734082835	0.390236866251666	-4.09322511266332	4.25414341582957e-05	0.0111068594348284
leptidea_sinapisG00000000890	28.3691688731818	-1.29035903715571	0.290478516483444	-4.44218406502793	8.90503307613156e-06	0.00380923295670509
leptidea_sinapisG00000007168	8.91217449854744	-2.87273334997166	0.779596178927712	-3.68489921785268	0.000228793153822196	0.0297049717333804
leptidea_sinapisG00000004780	23.0736277370754	-1.08440098036201	0.260310520485489	-4.16579774931709	3.10265680931744e-05	0.00960156575669107
leptidea_sinapisG00000002575	4.6295758997244	-2.17248388463056	0.472847295104905	-4.59447248006057	4.33845376022236e-06	0.00297008180925773
leptidea_sinapisG00000014969	148.189100758723	-1.00387737294192	0.251814870693825	-3.98656906232717	6.70356213482508e-05	0.0136971261967872
leptidea_sinapisG00000012068	46.6589149212127	-3.6676514140632	0.729543389971902	-5.02732457654706	4.97370117435422e-07	0.00086995753274112
leptidea_sinapisG00000014023	36.8853023941684	-2.45811848574431	0.667464325086456	-3.68277133826727	0.000230712090279473	0.0297049717333804
leptidea_sinapisG00000008458	55.6771899428338	-1.294375447372	0.317199556168866	-4.08063448450388	4.49129344639975e-05	0.0111088597638714
leptidea_sinapisG00000005053	3.63516590771943	1.85683239600919	0.51816998175343	3.58344261804953	0.000339095283556831	0.0370599601180309
leptidea_sinapisG00000001768	12.8907793525285	-3.36618422704984	0.91058297566453	-3.69673529706972	0.000218389843912846	0.0297049717333804
leptidea_sinapisG00000014194	56.3466685125077	-1.52418741417793	0.394833335735021	-3.86033112260014	0.000113233477008974	0.0174472368919238
leptidea_sinapisG00000004050	4.7101456084685	-3.0707784770231	0.716877482030542	-4.28354712485204	1.83937118130077e-05	0.00720343738876913
