baseMean	log2FoldChange	lfcSE	stat	pvalue	padj
leptidea_sinapisG00000014808	60.0840397963917	-2.99349345813529	0.759970573597243	-3.93895969414434	8.18356753128191e-05	0.0164415958657834
leptidea_sinapisG00000005091	21.609709521193	-3.69467629808462	0.768833406348982	-4.8055616048603	1.54317710505799e-06	0.00104462067318818
leptidea_sinapisG00000011566	178.79962168309	-6.19032624004156	1.61629217170092	-3.82995497251411	0.000128166709042489	0.0202373483394624
leptidea_sinapisG00000002069	22.7344642670331	-2.94599490984557	0.733630458585269	-4.01563876658913	5.92850033080643e-05	0.012213999485881
leptidea_sinapisG00000015332	34.3439040192551	-6.03963260479326	1.22876795218614	-4.91519378744208	8.86946818600524e-07	0.000646584230759782
leptidea_sinapisG00000010887	35.4773251743191	-3.3057274864726	0.749122026255099	-4.41280241484569	1.02041114740642e-05	0.00358164312739652
leptidea_sinapisG00000011650	1274.38570680716	-5.72828059773857	1.2865693105274	-4.4523684428555	8.49282746564783e-06	0.00309563561122864
leptidea_sinapisG00000006268	18.4489229873097	-3.25538787489847	0.781279445859981	-4.16673943254088	3.08987335901276e-05	0.00791425130361187
leptidea_sinapisG00000003967	1911.970943533	-5.22064676928369	0.955932326856748	-5.46131417738531	4.72622781031624e-08	5.58794127445415e-05
leptidea_sinapisG00000008059	748.540950099298	-3.7418297201433	0.659091054138841	-5.67725763632511	1.36871249831836e-08	4.32376278218771e-05
leptidea_sinapisG00000009905	18.4686074585821	-3.28559489934291	0.878638871650278	-3.73941445724093	0.000184449401401799	0.0257062790747772
leptidea_sinapisG00000011509	58.7189035930561	-3.42501717055139	0.876838955558305	-3.90609603832051	9.37992444718597e-05	0.0167723667898078
leptidea_sinapisG00000006897	106.342041387119	-3.81490825626143	0.804099513530534	-4.74432354710853	2.09204245169496e-06	0.00120550540737446
leptidea_sinapisG00000000141	21.1111388350771	-2.28259711996931	0.614285904299388	-3.71585462728903	0.000202518001649255	0.0274180443089998
leptidea_sinapisG00000005996	1910.33801067228	-4.04203797441226	0.765758087469187	-5.27847898775853	1.30260599690275e-07	0.000112225427569522
leptidea_sinapisG00000000165	1022.86691860572	-10.9407662936206	1.48481320277261	-7.36844626192085	1.72628090498982e-13	1.63599641365886e-09
leptidea_sinapisG00000007178	10.028526357562	-3.15113085176326	0.756134245925941	-4.16742247655305	3.08063229892138e-05	0.00791425130361187
leptidea_sinapisG00000015008	30.9749733068535	2.20114960826123	0.598231792662834	3.67942599383347	0.000233759511532296	0.029149195931468
leptidea_sinapisG00000001896	14.8436057085996	-3.78381239560465	0.932656288993881	-4.05702769633012	4.97011900662906e-05	0.0109479989170276
leptidea_sinapisG00000014858	21.3293783815641	-2.85798337235383	0.710474264126634	-4.02264165876166	5.75490198339616e-05	0.0121198235770323
leptidea_sinapisG00000001416	75.2239250460897	-3.98538953793579	0.730111895202217	-5.45860102283633	4.79900784937015e-08	5.58794127445415e-05
leptidea_sinapisG00000003348	15.0350404136167	-4.1358896005307	0.948187717433584	-4.36188902733852	1.28944271992472e-05	0.00436430309168806
leptidea_sinapisG00000005383	311.154364163471	1.02903446889701	0.291723175649289	3.52743475593491	0.000419607159348302	0.0467837299899277
leptidea_sinapisG00000006123	24.1790010952188	-4.00426219534018	0.920189785366799	-4.35156123119105	1.35171559964052e-05	0.00441731335785971
leptidea_sinapisG00000015256	122.941427068601	-4.00412603463164	0.884153647226592	-4.52876719695922	5.93288223102403e-06	0.00255572385924612
leptidea_sinapisG00000005910	13.4619025756743	-3.62410780230698	0.967053297229454	-3.74757814557876	0.00017855021847882	0.0256381881897541
leptidea_sinapisG00000001006	100.275935720493	-3.57199683038697	0.919477743052736	-3.88481054313253	0.000102409716900865	0.0176461252194453
leptidea_sinapisG00000006678	51.7916613769025	-6.65469124719269	1.04929564868289	-6.34205550699262	2.2671959427642e-10	1.07431079747882e-06
leptidea_sinapisG00000014954	165.946504266556	-3.6480455510213	0.969851866258415	-3.76144613207279	0.000168933806472387	0.0250154013115439
leptidea_sinapisG00000010222	766.20905175708	-4.24269586054637	0.895533658253034	-4.73761742112834	2.16245562154329e-06	0.00120550540737446
leptidea_sinapisG00000003202	151.275994816632	-4.21387805526644	0.749491386314691	-5.62231685675057	1.8841327100679e-08	4.46398142332838e-05
leptidea_sinapisG00000014721	65.2280410802757	-4.41733785949542	1.12264074230932	-3.93477422742451	8.32749394911472e-05	0.0164415958657834
leptidea_sinapisG00000009486	134.203690000243	-4.59417245284426	1.02660590245026	-4.47510816164125	7.63726405011189e-06	0.00289513405611642
leptidea_sinapisG00000007390	29.0899172332244	-4.75614459280888	0.853565217108056	-5.57209279089776	2.51697292385369e-08	4.74062238095756e-05
leptidea_sinapisG00000008598	24.4569242987238	-3.42293765174938	0.748556180624593	-4.57271977755001	4.81433814373237e-06	0.00240134118885009
leptidea_sinapisG00000004890	45.5355273922882	3.22232026687145	0.873108028724864	3.6906318128554	0.000223697733100076	0.029040868720403
leptidea_sinapisG00000011690	29.5544603009217	-3.40649785867356	0.830388234263366	-4.10229543015557	4.09071486586179e-05	0.00969192619594305
leptidea_sinapisG00000006211	332.400581033161	-2.69375605519691	0.736578916296018	-3.65711805700713	0.000255066921297623	0.031280575111016
leptidea_sinapisG00000006217	1161.60965397257	-3.7414340449821	0.875181398122863	-4.27503835548485	1.91104392132927e-05	0.00548817067952652
leptidea_sinapisG00000000464	18.071395732505	-5.09703557240187	1.20330378865359	-4.23586763414505	2.27670871273391e-05	0.0063317694458866
leptidea_sinapisG00000014597	30.6072190078526	-4.20959341987569	0.900516160016004	-4.67464506111792	2.94462440885855e-06	0.00155034475126403
leptidea_sinapisG00000009612	88.7394790682708	-3.95873668279345	0.880998640024201	-4.49346514619444	7.00734946961762e-06	0.00276702712181526
leptidea_sinapisG00000011744	29.6333628792964	-1.47782965672323	0.390141165277197	-3.78793572237687	0.000151904133910712	0.0229174554723197
leptidea_sinapisG00000010348	90.5073542439526	-1.05418797755296	0.288444871907089	-3.65472948290972	0.000257453293094782	0.031280575111016
leptidea_sinapisG00000004512	419.469138805177	1.36962016405436	0.375320843921297	3.64919824261495	0.000263060045739128	0.0315572158667052
leptidea_sinapisG00000013438	84.5637971812652	-4.1568071963549	0.963952358604482	-4.31225377400677	1.61598800538389e-05	0.00494023171839456
leptidea_sinapisG00000010397	70.3033443013535	-1.43352465808919	0.372746551778896	-3.84584284213451	0.000120138750938729	0.0192975414007853
leptidea_sinapisG00000004309	12.5347434936663	-3.58539710653432	0.847640640449234	-4.22985512425894	2.33841859877631e-05	0.0063317694458866
leptidea_sinapisG00000003947	174.200402347165	2.82345988894486	0.720343442266277	3.91960240529428	8.86951687555184e-05	0.0167723667898078
leptidea_sinapisG00000001164	1744.90605546551	-3.28951687156694	0.854060547397295	-3.85162021778382	0.000117338901955558	0.0192753842882049
leptidea_sinapisG00000007979	208.480663890185	-2.58638061790272	0.689324687551582	-3.75204988971062	0.000175394548765894	0.0255725252100673
leptidea_sinapisG00000013186	13.4967326430236	-2.16848935039415	0.552690675309397	-3.92351354431705	8.72668568550608e-05	0.0167723667898078
leptidea_sinapisG00000012582	731.496248428704	-6.28255193298289	1.31324257134862	-4.78399959767606	1.71841027252775e-06	0.00108569161018304
leptidea_sinapisG00000014650	13.5478845165498	-3.41599731059612	0.753216157636241	-4.5352151251193	5.75448013400849e-06	0.00255572385924612
leptidea_sinapisG00000014132	1103.89059041989	-3.54640624190638	0.863137646992386	-4.10873775957274	3.97827501035124e-05	0.00966720827515352
leptidea_sinapisG00000000895	12.9911657110263	4.16738231575663	0.914212457979952	4.55843964866208	5.15350688185641e-06	0.00244198923596766
leptidea_sinapisG00000000270	10.4070750484838	-2.84652077981545	0.773256911697939	-3.68120961707924	0.000232130061032378	0.029149195931468
leptidea_sinapisG00000014011	1550.00183564307	-4.79950745212883	0.882146301115415	-5.44071595160596	5.30668687032683e-08	5.58794127445415e-05
leptidea_sinapisG00000011421	21.3164084781869	-1.44150492517052	0.368851254960481	-3.9080927766532	9.30275850909091e-05	0.0167723667898078
leptidea_sinapisG00000010146	820.967239242761	-4.35476690252762	0.965767212979961	-4.50912688275117	6.50949702955105e-06	0.00268219579778501
leptidea_sinapisG00000010926	162.075903772245	-1.17827608175582	0.318880834625915	-3.6950357431737	0.000219855856755198	0.0289385271454029
leptidea_sinapisG00000006688	98.6665856617268	-3.36252078650653	0.955331183490794	-3.51974356601637	0.000431964215927012	0.0476014520272127
leptidea_sinapisG00000006528	95.6105663564136	-3.97809073478146	0.929318488209562	-4.280653818096	1.86345037148438e-05	0.00548817067952652
leptidea_sinapisG00000002577	23.0024080261844	-2.88737409252742	0.823230803943974	-3.50736886750891	0.000452561343203536	0.0492979752820679
leptidea_sinapisG00000007204	22.5895585215902	-4.51856641294963	0.886799062722971	-5.09536669905254	3.48066861891344e-07	0.000274885804178689
leptidea_sinapisG00000012867	17.8377628547322	-3.2604789909747	0.860918243024282	-3.78721094295912	0.000152347757175915	0.0229174554723197
leptidea_sinapisG00000005601	25.0595926304064	-1.81730434656352	0.448520063333337	-4.05177938542499	5.08295823941348e-05	0.0109479989170276
leptidea_sinapisG00000005738	25.4692692495005	-2.12406679877836	0.555171422031462	-3.82596566481404	0.000130260446207366	0.0202373483394624
leptidea_sinapisG00000005734	89.1747732695177	-3.14463345386082	0.812003905637503	-3.87268267064796	0.000107643941382091	0.0182168148656799
leptidea_sinapisG00000008462	1731.70823211573	-5.58263940324859	1.00744963406953	-5.54135831157918	3.00134370430995e-08	4.74062238095756e-05
leptidea_sinapisG00000009305	215.281254292508	-4.23535378444958	0.801708359315578	-5.28291084312171	1.27147278299977e-07	0.000112225427569522
leptidea_sinapisG00000000597	99.2420247518116	-2.76928443014041	0.74399438875267	-3.72218456483684	0.000197506566455538	0.0271270975405671
