ID unmapped one_hit mult_hits
P11917_101_S49_R1	3.92	60.27	30.74
P11917_101_S49_R2	4.32	60.24	30.20
P11917_102_S50_R1	7.87	55.79	30.49
P11917_102_S50_R2	8.05	54.84	30.92
P11917_103_S51_R1	1.52	63.59	28.85
P11917_103_S51_R2	2.01	63.55	28.11
P11917_104_S52_R1	3.85	60.89	30.39
P11917_104_S52_R2	4.32	60.97	29.65
P11917_105_S53_R1	7.12	56.55	30.81
P11917_105_S53_R2	7.68	56.29	30.38
P11917_106_S54_R1	8.27	57.03	29.14
P11917_106_S54_R2	9.08	56.78	28.35
P11917_107_S55_R1	4.63	59.36	30.25
P11917_107_S55_R2	5.14	59.60	29.41
P11917_108_S56_R1	2.46	67.56	27.56
P11917_108_S56_R2	3.25	68.09	26.33
P11917_109_S57_R1	4.75	60.18	29.63
P11917_109_S57_R2	5.42	60.00	29.04
P11917_110_S58_R1	2.40	62.67	29.48
P11917_110_S58_R2	3.25	63.27	28.05
P11917_111_S59_R1	3.84	61.64	30.60
P11917_111_S59_R2	4.43	61.82	29.79
P11917_112_S60_R1	6.64	57.67	30.29
P11917_112_S60_R2	7.06	57.26	30.20
P11917_113_S61_R1	3.40	58.84	32.21
P11917_113_S61_R2	4.15	59.00	31.10
P11917_114_S62_R1	8.77	55.66	28.77
P11917_114_S62_R2	9.16	54.74	29.11
P11917_115_S63_R1	1.44	64.39	27.70
P11917_115_S63_R2	1.96	64.60	26.89
P11917_116_S64_R1	4.28	60.47	30.53
P11917_116_S64_R2	4.61	59.91	30.43
P11917_117_S65_R1	3.01	62.45	31.36
P11917_117_S65_R2	3.32	62.63	30.83
P11917_118_S66_R1	7.79	57.54	28.60
P11917_118_S66_R2	7.88	56.33	29.39
P11917_119_S67_R1	3.43	63.01	27.84
P11917_119_S67_R2	3.64	62.63	27.78
P11917_120_S68_R1	4.66	60.89	28.57
P11917_120_S68_R2	4.77	59.91	29.14
P11917_121_S69_R1	2.40	63.30	26.16
P11917_121_S69_R2	2.60	62.32	26.40
P11917_123_S70_R1	7.01	58.13	29.07
P11917_123_S70_R2	7.43	57.79	28.88
P11917_124_S71_R1	2.81	63.44	27.90
P11917_124_S71_R2	3.30	63.39	27.34
P11917_125_S72_R1	3.97	56.05	33.82
P11917_125_S72_R2	4.74	56.31	32.58
P11917_126_S73_R1	2.75	62.03	32.25
P11917_126_S73_R2	3.68	62.72	30.67
P11917_127_S74_R1	6.42	58.33	29.82
P11917_127_S74_R2	6.88	57.92	29.55
P11917_128_S75_R1	4.90	61.95	27.40
P11917_128_S75_R2	5.57	62.50	26.16
P11917_129_S76_R1	2.97	63.97	25.93
P11917_129_S76_R2	3.20	63.76	25.67
P11917_130_S77_R1	2.80	62.44	26.82
P11917_130_S77_R2	3.09	61.65	26.92
P11917_131_S78_R1	3.10	60.96	30.22
P11917_131_S78_R2	3.40	60.76	29.86
P11917_132_S79_R1	2.70	62.61	30.42
P11917_132_S79_R2	2.93	62.08	30.54
P11917_133_S80_R1	1.77	65.11	28.13
P11917_133_S80_R2	2.06	64.14	28.53
P11917_134_S81_R1	3.96	56.31	33.85
P11917_134_S81_R2	4.39	56.34	33.21
P11917_135_S82_R1	2.81	61.80	32.01
P11917_135_S82_R2	3.50	62.27	30.88
P11917_136_S83_R1	2.10	64.21	28.05
P11917_136_S83_R2	2.63	64.05	27.60
P11917_137_S84_R1	8.76	48.51	38.72
P11917_137_S84_R2	9.35	48.25	38.34
P11917_138_S85_R1	1.63	64.93	26.74
P11917_138_S85_R2	2.13	64.15	26.79
P11917_139_S86_R1	9.81	53.47	31.26
P11917_139_S86_R2	9.92	51.78	32.68
P11917_140_S87_R1	3.48	57.78	33.73
P11917_140_S87_R2	4.17	57.66	32.99
P11917_141_S88_R1	5.28	60.09	30.40
P11917_141_S88_R2	5.69	59.92	30.12
P11917_142_S89_R1	8.64	56.90	30.31
P11917_142_S89_R2	8.96	56.22	30.60
P11917_143_S90_R1	4.18	59.78	30.17
P11917_143_S90_R2	4.56	58.78	30.32
P11917_144_S91_R1	6.97	56.39	33.80
P11917_144_S91_R2	7.31	55.51	34.11
P11917_145_S92_R1	2.66	62.93	28.50
P11917_145_S92_R2	3.08	62.27	28.21
P11917_146_S93_R1	2.11	62.16	30.04
P11917_146_S93_R2	2.49	61.95	29.38
P11917_147_S94_R1	3.64	62.63	28.39
P11917_147_S94_R2	3.96	61.77	28.47
P11917_148_S95_R1	4.29	62.88	26.77
P11917_148_S95_R2	4.70	62.28	26.51
P11917_149_S96_R1	2.09	63.28	28.92
P11917_149_S96_R2	2.59	62.66	28.35
P11917_150_S97_R1	5.98	57.34	31.63
P11917_150_S97_R2	6.16	56.03	32.34
P11917_151_S98_R1	5.13	58.59	28.95
P11917_151_S98_R2	5.68	57.72	29.03
P11917_152_S99_R1	5.78	58.59	29.54
P11917_152_S99_R2	6.32	58.23	29.21
P11917_153_S100_R1	3.88	61.50	28.87
P11917_153_S100_R2	4.49	61.20	28.38
P11917_154_S101_R1	8.44	53.67	32.65
P11917_154_S101_R2	8.61	52.08	33.95
P11917_155_S102_R1	3.74	60.61	30.74
P11917_155_S102_R2	4.64	60.65	29.58
P11917_156_S103_R1	3.54	62.04	30.09
P11917_156_S103_R2	4.33	61.99	29.22
P11917_157_S104_R1	10.22	55.67	28.67
P11917_157_S104_R2	10.99	54.68	28.60
P11917_158_S105_R1	3.79	62.22	27.29
P11917_158_S105_R2	4.47	61.91	26.69
P11917_159_S106_R1	5.54	61.43	27.09
P11917_159_S106_R2	6.26	61.01	26.54
P11917_160_S107_R1	4.95	63.68	27.76
P11917_160_S107_R2	5.76	64.21	26.44
P11917_161_S108_R1	4.82	58.61	31.60
P11917_161_S108_R2	5.63	57.82	31.14
P11917_162_S109_R1	1.96	65.12	24.75
P11917_162_S109_R2	2.51	64.87	24.08
P11917_163_S110_R1	2.11	64.91	26.52
P11917_163_S110_R2	2.72	64.69	25.81
P11917_164_S111_R1	2.09	64.81	28.96
P11917_164_S111_R2	2.64	65.22	27.96
P11917_165_S112_R1	9.16	58.77	25.43
P11917_165_S112_R2	9.99	58.54	24.48
P11917_166_S113_R1	4.46	61.71	26.04
P11917_166_S113_R2	4.99	60.90	25.79
P11917_167_S114_R1	13.80	38.99	44.78
P11917_167_S114_R2	14.03	38.38	44.99
P11917_168_S115_R1	8.11	49.36	39.48
P11917_168_S115_R2	8.51	49.16	39.30
P11917_169_S116_R1	2.67	59.88	34.31
P11917_169_S116_R2	3.52	60.50	32.91
P11917_170_S117_R1	3.03	52.48	41.36
P11917_170_S117_R2	3.62	52.73	40.58
P11917_171_S118_R1	11.09	52.41	34.24
P11917_171_S118_R2	11.64	52.61	33.52
P11917_172_S119_R1	6.86	51.51	40.14
P11917_172_S119_R2	7.84	51.46	39.25
