Sample_ID Raw_reads  TrimGalore  Prinseq  CutAdapt  Condetri  SortMeRNA  Map_lept_rep  Mapped_lept one_hit mult_hits
P11917_101_S49_R1 8344427 7887426.0 7184162.0 6964984.0 6853807.0 6649051.0 0.93 96.08 60.27 30.74
P11917_101_S49_R2 8344427 7887426.0 7184162.0 6964984.0 6853807.0 6649051.0 0.89 95.68 60.24 30.20
P11917_102_S50_R1 8785548 8099974.0 7129112.0 6946045.0 6816232.0 6463885.0 0.63 92.13 55.79 30.49
P11917_102_S50_R2 8785548 8099974.0 7129112.0 6946045.0 6816232.0 6463885.0 0.61 91.95 54.84 30.92
P11917_103_S51_R1 9475551 8878526.0 7993949.0 7710068.0 7579780.0 7358189.0 0.62 98.48 63.59 28.85
P11917_103_S51_R2 9475551 8878526.0 7993949.0 7710068.0 7579780.0 7358189.0 0.62 97.99 63.55 28.11
P11917_104_S52_R1 8540925 7969623.0 7183367.0 7029111.0 6910554.0 6407226.0 0.9 96.15 60.89 30.39
P11917_104_S52_R2 8540925 7969623.0 7183367.0 7029111.0 6910554.0 6407226.0 0.87 95.68 60.97 29.65
P11917_105_S53_R1 8565551 7962101.0 7114758.0 7028402.0 6904208.0 5416797.0 0.54 92.88 56.55 30.81
P11917_105_S53_R2 8565551 7962101.0 7114758.0 7028402.0 6904208.0 5416797.0 0.51 92.32 56.29 30.38
P11917_106_S54_R1 12896044 12260039.0 11224035.0 10953978.0 10762221.0 9501973.0 0.68 91.73 57.03 29.14
P11917_106_S54_R2 12896044 12260039.0 11224035.0 10953978.0 10762221.0 9501973.0 0.63 90.92 56.78 28.35
P11917_107_S55_R1 9790042 8941702.0 7919001.0 7754868.0 7620653.0 7369993.0 0.6 95.37 59.36 30.25
P11917_107_S55_R2 9790042 8941702.0 7919001.0 7754868.0 7620653.0 7369993.0 0.56 94.86 59.60 29.41
P11917_108_S56_R1 8442603 7676231.0 6727947.0 6566045.0 6442542.0 6286783.0 1.11 97.54 67.56 27.56
P11917_108_S56_R2 8442603 7676231.0 6727947.0 6566045.0 6442542.0 6286783.0 1.05 96.75 68.09 26.33
P11917_109_S57_R1 9730432 9239029.0 8514770.0 8327753.0 8189858.0 7784364.0 0.72 95.25 60.18 29.63
P11917_109_S57_R2 9730432 9239029.0 8514770.0 8327753.0 8189858.0 7784364.0 0.68 94.58 60.00 29.04
P11917_110_S58_R1 9739621 9000224.0 8049594.0 7824272.0 7686735.0 7525592.0 1.01 97.6 62.67 29.48
P11917_110_S58_R2 9739621 9000224.0 8049594.0 7824272.0 7686735.0 7525592.0 0.95 96.75 63.27 28.05
P11917_111_S59_R1 9339605 8400744.0 7203168.0 7083649.0 6951651.0 6466971.0 1.02 96.16 61.64 30.60
P11917_111_S59_R2 9339605 8400744.0 7203168.0 7083649.0 6951651.0 6466971.0 0.96 95.57 61.82 29.79
P11917_112_S60_R1 8321308 7860871.0 7181149.0 7077948.0 6965550.0 6322797.0 0.47 93.36 57.67 30.29
P11917_112_S60_R2 8321308 7860871.0 7181149.0 7077948.0 6965550.0 6322797.0 0.46 92.94 57.26 30.20
P11917_113_S61_R1 8858570 8541446.0 7897883.0 7451083.0 7324049.0 6938800.0 1.06 96.6 58.84 32.21
P11917_113_S61_R2 8858570 8541446.0 7897883.0 7451083.0 7324049.0 6938800.0 1.04 95.85 59.00 31.10
P11917_114_S62_R1 11070574 10100283.0 8900477.0 8756261.0 8594255.0 7609500.0 0.55 91.23 55.66 28.77
P11917_114_S62_R2 11070574 10100283.0 8900477.0 8756261.0 8594255.0 7609500.0 0.52 90.84 54.74 29.11
P11917_115_S63_R1 14090070 13384667.0 12320939.0 12117846.0 11929423.0 11580829.0 0.51 98.56 64.39 27.70
P11917_115_S63_R2 14090070 13384667.0 12320939.0 12117846.0 11929423.0 11580829.0 0.49 98.04 64.60 26.89
P11917_116_S64_R1 13833268 12633002.0 10948777.0 10458520.0 10259507.0 9671935.0 0.93 95.72 60.47 30.53
P11917_116_S64_R2 13833268 12633002.0 10948777.0 10458520.0 10259507.0 9671935.0 0.93 95.39 59.91 30.43
P11917_117_S65_R1 10007203 9469785.0 8495551.0 8291206.0 8155497.0 7776473.0 1.16 96.99 62.45 31.36
P11917_117_S65_R2 10007203 9469785.0 8495551.0 8291206.0 8155497.0 7776473.0 1.15 96.68 62.63 30.83
P11917_118_S66_R1 9530761 8555200.0 7275588.0 7167854.0 7029740.0 6505033.0 0.44 92.21 57.54 28.60
P11917_118_S66_R2 9530761 8555200.0 7275588.0 7167854.0 7029740.0 6505033.0 0.45 92.12 56.33 29.39
P11917_119_S67_R1 11552295 10892241.0 9816903.0 9560312.0 9403578.0 9101583.0 0.86 96.57 63.01 27.84
P11917_119_S67_R2 11552295 10892241.0 9816903.0 9560312.0 9403578.0 9101583.0 0.86 96.36 62.63 27.78
P11917_120_S68_R1 11081195 10152629.0 8754937.0 8589295.0 8430065.0 8070540.0 0.65 95.34 60.89 28.57
P11917_120_S68_R2 11081195 10152629.0 8754937.0 8589295.0 8430065.0 8070540.0 0.65 95.23 59.91 29.14
P11917_121_S69_R1 9947785 9064814.0 7874287.0 7689652.0 7548776.0 7225269.0 0.4 97.6 63.30 26.16
P11917_121_S69_R2 9947785 9064814.0 7874287.0 7689652.0 7548776.0 7225269.0 0.42 97.4 62.32 26.40
P11917_123_S70_R1 12021534 11095913.0 9901763.0 9761913.0 9590968.0 8708029.0 0.59 92.99 58.13 29.07
P11917_123_S70_R2 12021534 11095913.0 9901763.0 9761913.0 9590968.0 8708029.0 0.56 92.57 57.79 28.88
P11917_124_S71_R1 13339408 12580315.0 11579048.0 11426235.0 11250277.0 10300503.0 0.58 97.19 63.44 27.90
P11917_124_S71_R2 13339408 12580315.0 11579048.0 11426235.0 11250277.0 10300503.0 0.56 96.7 63.39 27.34
P11917_125_S72_R1 14364975 13865946.0 12820920.0 11959624.0 11758778.0 10965835.0 0.85 96.03 56.05 33.82
P11917_125_S72_R2 14364975 13865946.0 12820920.0 11959624.0 11758778.0 10965835.0 0.85 95.26 56.31 32.58
P11917_126_S73_R1 11878432 11249409.0 10241317.0 9771315.0 9600375.0 9278643.0 1.42 97.25 62.03 32.25
P11917_126_S73_R2 11878432 11249409.0 10241317.0 9771315.0 9600375.0 9278643.0 1.34 96.32 62.72 30.67
P11917_127_S74_R1 11325091 10186032.0 8898949.0 8765403.0 8602473.0 8172236.0 0.51 93.58 58.33 29.82
P11917_127_S74_R2 11325091 10186032.0 8898949.0 8765403.0 8602473.0 8172236.0 0.49 93.12 57.92 29.55
P11917_128_S75_R1 9819672 8987970.0 7949386.0 7778493.0 7635532.0 6764249.0 1.11 95.1 61.95 27.40
P11917_128_S75_R2 9819672 8987970.0 7949386.0 7778493.0 7635532.0 6764249.0 1.04 94.43 62.50 26.16
P11917_129_S76_R1 14861977 14243967.0 13222572.0 13012459.0 12815788.0 11136123.0 0.73 97.03 63.97 25.93
P11917_129_S76_R2 14861977 14243967.0 13222572.0 13012459.0 12815788.0 11136123.0 0.71 96.8 63.76 25.67
P11917_130_S77_R1 14515716 13687062.0 12450120.0 12238340.0 12040329.0 9767340.0 0.41 97.2 62.44 26.82
P11917_130_S77_R2 14515716 13687062.0 12450120.0 12238340.0 12040329.0 9767340.0 0.4 96.91 61.65 26.92
P11917_131_S78_R1 10271425 9310267.0 7963397.0 7695546.0 7554959.0 7330408.0 0.8 96.9 60.96 30.22
P11917_131_S78_R2 10271425 9310267.0 7963397.0 7695546.0 7554959.0 7330408.0 0.78 96.6 60.76 29.86
P11917_132_S79_R1 13970952 13192583.0 11906606.0 11650841.0 11462402.0 11156296.0 0.84 97.3 62.61 30.42
P11917_132_S79_R2 13970952 13192583.0 11906606.0 11650841.0 11462402.0 11156296.0 0.83 97.07 62.08 30.54
P11917_133_S80_R1 13382818 12329693.0 10875130.0 10668036.0 10489121.0 10159570.0 0.76 98.23 65.11 28.13
P11917_133_S80_R2 13382818 12329693.0 10875130.0 10668036.0 10489121.0 10159570.0 0.74 97.94 64.14 28.53
P11917_134_S81_R1 13331729 12864385.0 11828552.0 11105958.0 10918463.0 10388837.0 0.92 96.04 56.31 33.85
P11917_134_S81_R2 13331729 12864385.0 11828552.0 11105958.0 10918463.0 10388837.0 0.9 95.61 56.34 33.21
P11917_135_S82_R1 16707613 16211783.0 15213410.0 14668987.0 14447126.0 13103774.0 1.29 97.19 61.80 32.01
P11917_135_S82_R2 16707613 16211783.0 15213410.0 14668987.0 14447126.0 13103774.0 1.22 96.5 62.27 30.88
P11917_136_S83_R1 15460974 14434277.0 13142630.0 12971137.0 12763542.0 10871999.0 0.62 97.9 64.21 28.05
P11917_136_S83_R2 15460974 14434277.0 13142630.0 12971137.0 12763542.0 10871999.0 0.59 97.37 64.05 27.60
P11917_137_S84_R1 8935136 8197933.0 7167261.0 6585372.0 6454824.0 6053162.0 0.51 91.24 48.51 38.72
P11917_137_S84_R2 8935136 8197933.0 7167261.0 6585372.0 6454824.0 6053162.0 0.54 90.65 48.25 38.34
P11917_138_S85_R1 11167306 10106291.0 8868225.0 8711892.0 8561890.0 8198090.0 0.64 98.37 64.93 26.74
P11917_138_S85_R2 11167306 10106291.0 8868225.0 8711892.0 8561890.0 8198090.0 0.62 97.87 64.15 26.79
P11917_139_S86_R1 11418005 10969225.0 10087414.0 9858625.0 9687416.0 8977748.0 0.54 90.19 53.47 31.26
P11917_139_S86_R2 11418005 10969225.0 10087414.0 9858625.0 9687416.0 8977748.0 0.52 90.08 51.78 32.68
P11917_140_S87_R1 14760225 13634420.0 12030835.0 11422534.0 11203335.0 10793420.0 0.96 96.52 57.78 33.73
P11917_140_S87_R2 14760225 13634420.0 12030835.0 11422534.0 11203335.0 10793420.0 0.91 95.83 57.66 32.99
P11917_141_S88_R1 13378438 12545792.0 11400424.0 11191038.0 11000745.0 10342877.0 0.94 94.72 60.09 30.40
P11917_141_S88_R2 13378438 12545792.0 11400424.0 11191038.0 11000745.0 10342877.0 0.9 94.31 59.92 30.12
P11917_142_S89_R1 12463251 11347571.0 9915990.0 9750826.0 9559022.0 8416052.0 0.88 91.36 56.90 30.31
P11917_142_S89_R2 12463251 11347571.0 9915990.0 9750826.0 9559022.0 8416052.0 0.83 91.04 56.22 30.60
P11917_143_S90_R1 13216825 12358434.0 11133960.0 10871756.0 10682896.0 10322724.0 0.61 95.82 59.78 30.17
P11917_143_S90_R2 13216825 12358434.0 11133960.0 10871756.0 10682896.0 10322724.0 0.6 95.44 58.78 30.32
P11917_144_S91_R1 13872739 12761602.0 11243873.0 11094284.0 10892184.0 10284084.0 0.52 93.03 56.39 33.80
P11917_144_S91_R2 13872739 12761602.0 11243873.0 11094284.0 10892184.0 10284084.0 0.5 92.69 55.51 34.11
P11917_145_S92_R1 9249137 8289812.0 7086056.0 6967057.0 6837949.0 6456199.0 0.46 97.34 62.93 28.50
P11917_145_S92_R2 9249137 8289812.0 7086056.0 6967057.0 6837949.0 6456199.0 0.44 96.92 62.27 28.21
P11917_146_S93_R1 9215363 8656396.0 7833762.0 7605698.0 7482523.0 7200208.0 0.72 97.89 62.16 30.04
P11917_146_S93_R2 9215363 8656396.0 7833762.0 7605698.0 7482523.0 7200208.0 0.7 97.51 61.95 29.38
P11917_147_S94_R1 12488004 11435276.0 10095161.0 9991410.0 9815380.0 7842875.0 0.43 96.36 62.63 28.39
P11917_147_S94_R2 12488004 11435276.0 10095161.0 9991410.0 9815380.0 7842875.0 0.41 96.04 61.77 28.47
P11917_148_S95_R1 13305222 12660802.0 11666888.0 11514484.0 11328870.0 9374162.0 0.6 95.71 62.88 26.77
P11917_148_S95_R2 13305222 12660802.0 11666888.0 11514484.0 11328870.0 9374162.0 0.57 95.3 62.28 26.51
P11917_149_S96_R1 13927572 13290354.0 12303565.0 12051419.0 11865854.0 11341005.0 0.64 97.91 63.28 28.92
P11917_149_S96_R2 13927572 13290354.0 12303565.0 12051419.0 11865854.0 11341005.0 0.62 97.41 62.66 28.35
P11917_150_S97_R1 12606843 11406386.0 9876650.0 9723876.0 9541034.0 9166560.0 0.5 94.02 57.34 31.63
P11917_150_S97_R2 12606843 11406386.0 9876650.0 9723876.0 9541034.0 9166560.0 0.49 93.84 56.03 32.34
P11917_151_S98_R1 14047262 12576098.0 10902569.0 10698659.0 10492650.0 9720782.0 0.48 94.87 58.59 28.95
P11917_151_S98_R2 14047262 12576098.0 10902569.0 10698659.0 10492650.0 9720782.0 0.46 94.32 57.72 29.03
P11917_152_S99_R1 14204574 12980671.0 11499827.0 11282721.0 11084281.0 10436597.0 0.68 94.22 58.59 29.54
P11917_152_S99_R2 14204574 12980671.0 11499827.0 11282721.0 11084281.0 10436597.0 0.65 93.68 58.23 29.21
P11917_153_S100_R1 9849335 8685097.0 7235629.0 7117395.0 6978216.0 6329822.0 0.75 96.12 61.50 28.87
P11917_153_S100_R2 9849335 8685097.0 7235629.0 7117395.0 6978216.0 6329822.0 0.71 95.51 61.20 28.38
P11917_154_S101_R1 11673581 11048587.0 10075653.0 9923995.0 9759096.0 8737740.0 0.52 91.56 53.67 32.65
P11917_154_S101_R2 11673581 11048587.0 10075653.0 9923995.0 9759096.0 8737740.0 0.5 91.39 52.08 33.95
P11917_155_S102_R1 14273334 13710557.0 12695658.0 12023981.0 11821264.0 11261952.0 1.08 96.26 60.61 30.74
P11917_155_S102_R2 14273334 13710557.0 12695658.0 12023981.0 11821264.0 11261952.0 1.04 95.36 60.65 29.58
P11917_156_S103_R1 12420765 11937382.0 11068474.0 10800670.0 10631402.0 10350433.0 0.8 96.46 62.04 30.09
P11917_156_S103_R2 12420765 11937382.0 11068474.0 10800670.0 10631402.0 10350433.0 0.77 95.67 61.99 29.22
P11917_157_S104_R1 11901881 10572851.0 9022760.0 8883443.0 8702341.0 8186364.0 0.48 89.78 55.67 28.67
P11917_157_S104_R2 11901881 10572851.0 9022760.0 8883443.0 8702341.0 8186364.0 0.47 89.01 54.68 28.60
P11917_158_S105_R1 14105489 12768079.0 11259499.0 11015503.0 10812062.0 10116362.0 0.65 96.21 62.22 27.29
P11917_158_S105_R2 14105489 12768079.0 11259499.0 11015503.0 10812062.0 10116362.0 0.64 95.53 61.91 26.69
P11917_159_S106_R1 18204250 16332924.0 14228071.0 14070471.0 13803560.0 11749229.0 0.5 94.46 61.43 27.09
P11917_159_S106_R2 18204250 16332924.0 14228071.0 14070471.0 13803560.0 11749229.0 0.48 93.74 61.01 26.54
P11917_160_S107_R1 11583001 10500649.0 9251096.0 9028564.0 8867840.0 7358342.0 1.41 95.05 63.68 27.76
P11917_160_S107_R2 11583001 10500649.0 9251096.0 9028564.0 8867840.0 7358342.0 1.35 94.24 64.21 26.44
P11917_161_S108_R1 15389161 14406004.0 13009114.0 12480752.0 12263258.0 11794605.0 0.81 95.18 58.61 31.60
P11917_161_S108_R2 15389161 14406004.0 13009114.0 12480752.0 12263258.0 11794605.0 0.79 94.37 57.82 31.14
P11917_162_S109_R1 10203409 9666823.0 8923838.0 8796376.0 8663085.0 8197783.0 0.4 98.04 65.12 24.75
P11917_162_S109_R2 10203409 9666823.0 8923838.0 8796376.0 8663085.0 8197783.0 0.39 97.49 64.87 24.08
P11917_163_S110_R1 13784577 12727771.0 11412662.0 11197043.0 11003348.0 10513567.0 0.49 97.89 64.91 26.52
P11917_163_S110_R2 13784577 12727771.0 11412662.0 11197043.0 11003348.0 10513567.0 0.47 97.28 64.69 25.81
P11917_164_S111_R1 18440161 17621986.0 16433969.0 16142258.0 15894538.0 15433681.0 0.85 97.91 64.81 28.96
P11917_164_S111_R2 18440161 17621986.0 16433969.0 16142258.0 15894538.0 15433681.0 0.8 97.36 65.22 27.96
P11917_165_S112_R1 14540502 13781339.0 12637416.0 12483082.0 12268602.0 10151522.0 0.55 90.84 58.77 25.43
P11917_165_S112_R2 14540502 13781339.0 12637416.0 12483082.0 12268602.0 10151522.0 0.52 90.01 58.54 24.48
P11917_166_S113_R1 17932387 17110636.0 15800046.0 15451223.0 15202077.0 14475595.0 0.53 95.54 61.71 26.04
P11917_166_S113_R2 17932387 17110636.0 15800046.0 15451223.0 15202077.0 14475595.0 0.51 95.01 60.90 25.79
P11917_167_S114_R1 15420375 13973232.0 11908173.0 11023097.0 10773531.0 9417687.0 1.12 86.2 38.99 44.78
P11917_167_S114_R2 15420375 13973232.0 11908173.0 11023097.0 10773531.0 9417687.0 1.1 85.97 38.38 44.99
P11917_168_S115_R1 12207701 11470456.0 10236931.0 9593003.0 9417723.0 9094716.0 1.22 91.89 49.36 39.48
P11917_168_S115_R2 12207701 11470456.0 10236931.0 9593003.0 9417723.0 9094716.0 1.12 91.49 49.16 39.30
P11917_169_S116_R1 15014177 14604433.0 13601430.0 12681461.0 12478066.0 12151915.0 2.22 97.33 59.88 34.31
P11917_169_S116_R2 15014177 14604433.0 13601430.0 12681461.0 12478066.0 12151915.0 2.13 96.48 60.50 32.91
P11917_170_S117_R1 13554314 13079874.0 12053302.0 11203487.0 11023406.0 10554429.0 1.21 96.97 52.48 41.36
P11917_170_S117_R2 13554314 13079874.0 12053302.0 11203487.0 11023406.0 10554429.0 1.15 96.38 52.73 40.58
P11917_171_S118_R1 15632445 14997219.0 13826152.0 13461016.0 13241125.0 11431633.0 1.13 88.91 52.41 34.24
P11917_171_S118_R2 15632445 14997219.0 13826152.0 13461016.0 13241125.0 11431633.0 1.09 88.36 52.61 33.52
P11917_172_S119_R1 13829138 13189455.0 12149039.0 11948296.0 11749721.0 8594591.0 0.79 93.14 51.51 40.14
P11917_172_S119_R2 13829138 13189455.0 12149039.0 11948296.0 11749721.0 8594591.0 0.77 92.16 51.46 39.25
