Sample	L_sinapis-DNA-BLab	No_hits	Lotus_corniculatus-genomic-NCBI	23S_28S_LSU_rRNA_insecta-SILVA	Adapters_Illumina	Lotus_japonicus-genomic	16S_18S_SSU_rRNA_insecta-SILVA	5S_rRNA_Rfam-EMBL-EBI-all_species	5_8S_rRNA_Rfam-EMBL-EBI-all_species	Multiple_Genomes	Wolbachia-DNA-ensembl	Drosophila_ensembl	Human_ensembl	L_sinapis-repeats-BLab
P11917_101_S49_R1_001_SORTMERNA_CLEAN_screen	6051268.0	258648.0	2.0	0.0	0.0	1133.0	0.0	0.0	0.0	336893.0	24.0	375.0	677.0	31.0
P11917_101_S49_R2_001_SORTMERNA_CLEAN_screen	6013037.0	285244.0	0.0	0.0	0.0	1236.0	0.0	0.0	0.0	348471.0	25.0	340.0	679.0	19.0
P11917_102_S50_R1_001_SORTMERNA_CLEAN_screen	5577081.0	506768.0	0.0	0.0	0.0	198.0	0.0	0.0	0.0	378559.0	35.0	440.0	789.0	15.0
P11917_102_S50_R2_001_SORTMERNA_CLEAN_screen	5543666.0	518403.0	0.0	0.0	0.0	255.0	0.0	0.0	0.0	400426.0	34.0	374.0	715.0	12.0
P11917_103_S51_R1_001_SORTMERNA_CLEAN_screen	6802048.0	110372.0	0.0	0.0	0.0	188.0	0.0	0.0	0.0	444802.0	32.0	262.0	478.0	7.0
P11917_103_S51_R2_001_SORTMERNA_CLEAN_screen	6743974.0	147163.0	0.0	0.0	0.0	248.0	0.0	0.0	0.0	466137.0	35.0	228.0	393.0	11.0
P11917_104_S52_R1_001_SORTMERNA_CLEAN_screen	5848355.0	244756.0	0.0	0.0	0.0	244.0	0.0	0.0	0.0	311979.0	161.0	612.0	1105.0	14.0
P11917_104_S52_R2_001_SORTMERNA_CLEAN_screen	5806405.0	274869.0	0.0	0.0	0.0	443.0	0.0	0.0	0.0	323705.0	160.0	567.0	1070.0	7.0
P11917_105_S53_R1_001_SORTMERNA_CLEAN_screen	4732475.0	384050.0	0.0	0.0	0.0	156.0	0.0	0.0	0.0	299243.0	178.0	225.0	464.0	6.0
P11917_105_S53_R2_001_SORTMERNA_CLEAN_screen	4694998.0	414926.0	0.0	0.0	0.0	193.0	0.0	0.0	0.0	305832.0	183.0	217.0	448.0	0.0
P11917_106_S54_R1_001_SORTMERNA_CLEAN_screen	8187810.0	783912.0	0.0	0.0	0.0	221.0	0.0	0.0	0.0	527983.0	498.0	509.0	1030.0	10.0
P11917_106_S54_R2_001_SORTMERNA_CLEAN_screen	8089042.0	859928.0	0.0	0.0	0.0	302.0	0.0	0.0	0.0	550825.0	513.0	459.0	880.0	24.0
P11917_107_S55_R1_001_SORTMERNA_CLEAN_screen	6603732.0	340493.0	0.0	0.0	0.0	210.0	0.0	0.0	0.0	424493.0	12.0	323.0	703.0	27.0
P11917_107_S55_R2_001_SORTMERNA_CLEAN_screen	6559486.0	378080.0	0.0	0.0	0.0	288.0	0.0	0.0	0.0	431165.0	16.0	325.0	626.0	7.0
P11917_108_S56_R1_001_SORTMERNA_CLEAN_screen	5980187.0	150882.0	0.0	0.0	0.0	880.0	0.0	0.0	0.0	151955.0	100.0	1099.0	1659.0	21.0
P11917_108_S56_R2_001_SORTMERNA_CLEAN_screen	5936416.0	199919.0	0.0	0.0	0.0	1198.0	0.0	0.0	0.0	146628.0	100.0	950.0	1562.0	10.0
P11917_109_S57_R1_001_SORTMERNA_CLEAN_screen	6991002.0	368200.0	0.0	0.0	0.0	427.0	0.0	0.0	0.0	422960.0	76.0	675.0	990.0	34.0
P11917_109_S57_R2_001_SORTMERNA_CLEAN_screen	6931139.0	418798.0	0.0	0.0	0.0	583.0	0.0	0.0	0.0	432266.0	67.0	613.0	879.0	19.0
P11917_110_S58_R1_001_SORTMERNA_CLEAN_screen	6934543.0	179109.0	0.0	0.0	0.0	421.0	0.0	0.0	0.0	410268.0	33.0	429.0	728.0	61.0
P11917_110_S58_R2_001_SORTMERNA_CLEAN_screen	6872422.0	243076.0	0.0	0.0	0.0	619.0	0.0	0.0	0.0	408277.0	35.0	404.0	728.0	31.0
P11917_111_S59_R1_001_SORTMERNA_CLEAN_screen	5965623.0	244451.0	0.0	0.0	0.0	468.0	0.0	0.0	0.0	254315.0	407.0	709.0	986.0	12.0
P11917_111_S59_R2_001_SORTMERNA_CLEAN_screen	5924281.0	283900.0	0.0	0.0	0.0	529.0	0.0	0.0	0.0	256158.0	441.0	682.0	968.0	12.0
P11917_112_S60_R1_001_SORTMERNA_CLEAN_screen	5561343.0	418569.0	0.0	0.0	0.0	211.0	0.0	0.0	0.0	341398.0	81.0	452.0	722.0	21.0
P11917_112_S60_R2_001_SORTMERNA_CLEAN_screen	5529789.0	444492.0	0.0	0.0	0.0	299.0	0.0	0.0	0.0	346992.0	94.0	401.0	713.0	17.0
P11917_113_S61_R1_001_SORTMERNA_CLEAN_screen	6318350.0	233143.0	0.0	0.0	0.0	371.0	0.0	0.0	0.0	385057.0	62.0	563.0	931.0	323.0
P11917_113_S61_R2_001_SORTMERNA_CLEAN_screen	6251820.0	285184.0	0.0	0.0	0.0	467.0	0.0	0.0	0.0	399621.0	64.0	489.0	849.0	306.0
P11917_114_S62_R1_001_SORTMERNA_CLEAN_screen	6424582.0	664309.0	0.0	0.0	2.0	697.0	0.0	0.0	0.0	517748.0	1238.0	335.0	574.0	15.0
P11917_114_S62_R2_001_SORTMERNA_CLEAN_screen	6380360.0	693225.0	0.0	0.0	0.0	790.0	0.0	0.0	0.0	532984.0	1259.0	320.0	545.0	17.0
P11917_115_S63_R1_001_SORTMERNA_CLEAN_screen	10664912.0	164447.0	0.0	0.0	0.0	484.0	0.0	0.0	0.0	749495.0	145.0	522.0	758.0	66.0
P11917_115_S63_R2_001_SORTMERNA_CLEAN_screen	10595185.0	224668.0	0.0	0.0	0.0	681.0	0.0	0.0	0.0	758874.0	153.0	461.0	772.0	35.0
P11917_116_S64_R1_001_SORTMERNA_CLEAN_screen	8801808.0	411057.0	0.0	0.0	0.0	272.0	0.0	0.0	1.0	457382.0	86.0	478.0	802.0	49.0
P11917_116_S64_R2_001_SORTMERNA_CLEAN_screen	8737537.0	443941.0	0.0	0.0	0.0	286.0	0.0	0.0	0.0	488933.0	91.0	398.0	714.0	35.0
P11917_117_S65_R1_001_SORTMERNA_CLEAN_screen	7294963.0	227850.0	0.0	0.0	0.0	614.0	0.0	0.0	0.0	248111.0	714.0	1315.0	2875.0	31.0
P11917_117_S65_R2_001_SORTMERNA_CLEAN_screen	7268263.0	251957.0	0.0	0.0	0.0	762.0	0.0	0.0	0.0	251056.0	734.0	1207.0	2466.0	28.0
P11917_118_S66_R1_001_SORTMERNA_CLEAN_screen	5603293.0	504790.0	0.0	0.0	0.0	244.0	0.0	0.0	0.0	395267.0	144.0	484.0	799.0	12.0
P11917_118_S66_R2_001_SORTMERNA_CLEAN_screen	5576643.0	509994.0	0.0	0.0	0.0	341.0	0.0	0.0	0.0	416728.0	142.0	472.0	710.0	3.0
P11917_119_S67_R1_001_SORTMERNA_CLEAN_screen	8269590.0	309453.0	0.0	0.0	0.0	366.0	0.0	0.0	0.0	520797.0	14.0	539.0	784.0	40.0
P11917_119_S67_R2_001_SORTMERNA_CLEAN_screen	8228950.0	329477.0	0.0	0.0	1.0	528.0	0.0	0.0	0.0	541411.0	17.0	416.0	763.0	20.0
P11917_120_S68_R1_001_SORTMERNA_CLEAN_screen	7220362.0	373666.0	0.0	0.0	0.0	312.0	0.0	0.0	0.0	474298.0	76.0	662.0	1143.0	21.0
P11917_120_S68_R2_001_SORTMERNA_CLEAN_screen	7186220.0	382543.0	0.0	0.0	0.0	399.0	0.0	0.0	0.0	499773.0	84.0	497.0	1011.0	13.0
P11917_121_S69_R1_001_SORTMERNA_CLEAN_screen	6463911.0	171238.0	0.0	0.0	0.0	205.0	0.0	0.0	0.0	588797.0	25.0	360.0	712.0	21.0
P11917_121_S69_R2_001_SORTMERNA_CLEAN_screen	6410374.0	187134.0	0.0	0.0	0.0	258.0	0.0	0.0	0.0	626492.0	27.0	351.0	611.0	22.0
P11917_123_S70_R1_001_SORTMERNA_CLEAN_screen	7593036.0	607820.0	0.0	0.0	0.0	225.0	1.0	0.0	0.0	504912.0	258.0	654.0	1102.0	21.0
P11917_123_S70_R2_001_SORTMERNA_CLEAN_screen	7547344.0	644394.0	0.0	0.0	0.0	350.0	0.0	0.0	0.0	514176.0	264.0	519.0	972.0	10.0
P11917_124_S71_R1_001_SORTMERNA_CLEAN_screen	9407758.0	287384.0	0.0	0.0	0.0	273.0	0.0	0.0	0.0	602718.0	128.0	860.0	1338.0	44.0
P11917_124_S71_R2_001_SORTMERNA_CLEAN_screen	9345302.0	336826.0	0.0	0.0	0.0	420.0	0.0	0.0	0.0	616001.0	119.0	675.0	1128.0	32.0
P11917_125_S72_R1_001_SORTMERNA_CLEAN_screen	9855712.0	432053.0	0.0	0.0	0.0	366.0	0.0	0.0	0.0	675782.0	51.0	537.0	977.0	357.0
P11917_125_S72_R2_001_SORTMERNA_CLEAN_screen	9747360.0	518683.0	0.0	0.0	0.0	549.0	0.0	0.0	0.0	697403.0	42.0	530.0	887.0	381.0
P11917_126_S73_R1_001_SORTMERNA_CLEAN_screen	8747679.0	250523.0	0.0	1.0	0.0	1075.0	0.0	0.0	0.0	275296.0	78.0	1557.0	2374.0	60.0
P11917_126_S73_R2_001_SORTMERNA_CLEAN_screen	8664731.0	337742.0	0.0	0.0	0.0	1467.0	0.0	0.0	0.0	271213.0	71.0	1288.0	2052.0	79.0
P11917_127_S74_R1_001_SORTMERNA_CLEAN_screen	7203503.0	523023.0	0.0	0.0	0.0	299.0	0.0	0.0	0.0	443768.0	172.0	554.0	851.0	66.0
P11917_127_S74_R2_001_SORTMERNA_CLEAN_screen	7148224.0	560615.0	0.0	0.0	0.0	441.0	0.0	0.0	0.0	461454.0	178.0	500.0	793.0	31.0
P11917_128_S75_R1_001_SORTMERNA_CLEAN_screen	6043624.0	328742.0	0.0	0.0	0.0	316.0	0.0	0.0	0.0	389040.0	582.0	368.0	1536.0	41.0
P11917_128_S75_R2_001_SORTMERNA_CLEAN_screen	5997190.0	374062.0	0.0	0.0	0.0	387.0	0.0	0.0	0.0	390208.0	609.0	355.0	1409.0	29.0
P11917_129_S76_R1_001_SORTMERNA_CLEAN_screen	10011330.0	324061.0	0.0	0.0	0.0	470.0	0.0	0.0	0.0	795761.0	1101.0	470.0	2887.0	43.0
P11917_129_S76_R2_001_SORTMERNA_CLEAN_screen	9958607.0	350787.0	0.0	0.0	0.0	672.0	0.0	0.0	0.0	821651.0	1160.0	423.0	2810.0	13.0
P11917_130_S77_R1_001_SORTMERNA_CLEAN_screen	8718744.0	270555.0	0.0	0.0	0.0	253.0	0.0	0.0	0.0	775790.0	157.0	633.0	1164.0	44.0
P11917_130_S77_R2_001_SORTMERNA_CLEAN_screen	8650930.0	299857.0	0.0	0.0	0.0	362.0	0.0	0.0	0.0	814545.0	161.0	538.0	936.0	11.0
P11917_131_S78_R1_001_SORTMERNA_CLEAN_screen	6683969.0	224310.0	0.0	0.0	0.0	693.0	0.0	0.0	0.0	419095.0	13.0	951.0	1323.0	54.0
P11917_131_S78_R2_001_SORTMERNA_CLEAN_screen	6642207.0	246301.0	0.0	0.0	0.0	915.0	0.0	0.0	0.0	438761.0	14.0	840.0	1355.0	15.0
P11917_132_S79_R1_001_SORTMERNA_CLEAN_screen	10378680.0	297873.0	0.0	0.0	0.0	582.0	0.0	0.0	0.0	476342.0	41.0	1061.0	1681.0	36.0
P11917_132_S79_R2_001_SORTMERNA_CLEAN_screen	10333298.0	322416.0	0.0	0.0	0.0	718.0	0.0	0.0	0.0	497603.0	42.0	787.0	1412.0	20.0
P11917_133_S80_R1_001_SORTMERNA_CLEAN_screen	9473470.0	175760.0	0.0	0.0	0.0	662.0	0.0	0.0	0.0	507333.0	100.0	866.0	1331.0	48.0
P11917_133_S80_R2_001_SORTMERNA_CLEAN_screen	9414685.0	206239.0	0.0	0.0	0.0	842.0	0.0	0.0	0.0	535822.0	97.0	690.0	1173.0	22.0
P11917_134_S81_R1_001_SORTMERNA_CLEAN_screen	9366290.0	407242.0	0.0	1.0	0.0	491.0	1.0	0.0	0.0	612143.0	100.0	802.0	1503.0	264.0
P11917_134_S81_R2_001_SORTMERNA_CLEAN_screen	9303947.0	452953.0	0.0	0.0	0.0	778.0	1.0	0.0	0.0	628771.0	109.0	850.0	1395.0	33.0
P11917_135_S82_R1_001_SORTMERNA_CLEAN_screen	12292002.0	361664.0	0.0	0.0	1.0	1098.0	0.0	0.0	0.0	443085.0	1090.0	1397.0	3374.0	63.0
P11917_135_S82_R2_001_SORTMERNA_CLEAN_screen	12205532.0	452080.0	0.0	0.0	0.0	1578.0	0.0	0.0	0.0	438889.0	1091.0	1409.0	3089.0	106.0
P11917_136_S83_R1_001_SORTMERNA_CLEAN_screen	10030157.0	225050.0	0.0	0.0	1.0	671.0	0.0	0.0	0.0	613613.0	530.0	725.0	1165.0	87.0
P11917_136_S83_R2_001_SORTMERNA_CLEAN_screen	9964130.0	282671.0	0.0	0.0	0.0	960.0	0.0	0.0	0.0	621939.0	531.0	652.0	1080.0	36.0
P11917_137_S84_R1_001_SORTMERNA_CLEAN_screen	5280497.0	528441.0	0.0	0.0	0.0	213.0	0.0	0.0	0.0	242853.0	73.0	290.0	786.0	9.0
P11917_137_S84_R2_001_SORTMERNA_CLEAN_screen	5241105.0	564760.0	0.0	0.0	0.0	319.0	0.0	0.0	0.0	245870.0	77.0	278.0	737.0	16.0
P11917_138_S85_R1_001_SORTMERNA_CLEAN_screen	7515602.0	131169.0	0.0	0.0	0.0	327.0	0.0	0.0	0.0	549575.0	529.0	383.0	485.0	20.0
P11917_138_S85_R2_001_SORTMERNA_CLEAN_screen	7455041.0	172979.0	0.0	0.0	0.0	424.0	0.0	0.0	0.0	568266.0	555.0	349.0	460.0	16.0
P11917_139_S86_R1_001_SORTMERNA_CLEAN_screen	7606646.0	878023.0	0.0	0.0	0.0	202.0	0.0	0.0	0.0	490882.0	220.0	630.0	1131.0	14.0
P11917_139_S86_R2_001_SORTMERNA_CLEAN_screen	7582846.0	887899.0	0.0	0.0	0.0	291.0	0.0	0.0	0.0	505033.0	203.0	562.0	889.0	25.0
P11917_140_S87_R1_001_SORTMERNA_CLEAN_screen	9876863.0	374531.0	0.0	0.0	1.0	447.0	0.0	0.0	0.0	539994.0	76.0	552.0	889.0	67.0
P11917_140_S87_R2_001_SORTMERNA_CLEAN_screen	9784092.0	447926.0	0.0	0.0	0.0	577.0	0.0	0.0	0.0	559320.0	79.0	505.0	844.0	77.0
P11917_141_S88_R1_001_SORTMERNA_CLEAN_screen	9359744.0	540932.0	0.0	0.0	0.0	620.0	0.0	0.0	0.0	438151.0	448.0	1214.0	1740.0	28.0
P11917_141_S88_R2_001_SORTMERNA_CLEAN_screen	9313402.0	582303.0	0.0	0.0	0.0	877.0	0.0	0.0	0.0	442947.0	475.0	1100.0	1744.0	29.0
P11917_142_S89_R1_001_SORTMERNA_CLEAN_screen	7339379.0	724622.0	0.0	0.0	2.0	389.0	0.0	1.0	0.0	349183.0	708.0	694.0	1055.0	19.0
P11917_142_S89_R2_001_SORTMERNA_CLEAN_screen	7306695.0	750711.0	0.0	0.0	0.0	542.0	0.0	0.0	0.0	355818.0	726.0	600.0	926.0	34.0
P11917_143_S90_R1_001_SORTMERNA_CLEAN_screen	9285364.0	428393.0	0.0	1.0	1.0	198.0	0.0	0.0	0.0	606210.0	18.0	883.0	1563.0	93.0
P11917_143_S90_R2_001_SORTMERNA_CLEAN_screen	9198252.0	466587.0	0.0	0.0	0.0	257.0	0.0	0.0	0.0	655355.0	19.0	745.0	1461.0	48.0
P11917_144_S91_R1_001_SORTMERNA_CLEAN_screen	9274413.0	714743.0	0.0	0.0	0.0	219.0	0.0	0.0	0.0	292049.0	151.0	945.0	1545.0	19.0
P11917_144_S91_R2_001_SORTMERNA_CLEAN_screen	9216853.0	747652.0	0.0	0.0	0.0	280.0	0.0	0.0	0.0	317093.0	177.0	668.0	1348.0	13.0
P11917_145_S92_R1_001_SORTMERNA_CLEAN_screen	5903006.0	169798.0	0.0	0.0	0.0	105.0	0.0	0.0	0.0	382004.0	146.0	402.0	719.0	19.0
P11917_145_S92_R2_001_SORTMERNA_CLEAN_screen	5842103.0	197559.0	0.0	0.0	0.0	91.0	0.0	0.0	0.0	415314.0	132.0	305.0	679.0	16.0
P11917_146_S93_R1_001_SORTMERNA_CLEAN_screen	6638465.0	150484.0	0.0	0.0	0.0	190.0	0.0	0.0	0.0	409382.0	80.0	521.0	1064.0	22.0
P11917_146_S93_R2_001_SORTMERNA_CLEAN_screen	6576249.0	177125.0	0.0	0.0	0.0	216.0	0.0	0.0	0.0	445093.0	79.0	462.0	956.0	28.0
P11917_147_S94_R1_001_SORTMERNA_CLEAN_screen	7138100.0	284696.0	0.0	0.0	1.0	245.0	0.0	0.0	0.0	418411.0	207.0	457.0	751.0	7.0
P11917_147_S94_R2_001_SORTMERNA_CLEAN_screen	7077888.0	308224.0	0.0	0.0	0.0	295.0	0.0	0.0	0.0	455171.0	216.0	405.0	670.0	6.0
P11917_148_S95_R1_001_SORTMERNA_CLEAN_screen	8403506.0	399339.0	0.0	0.0	0.0	529.0	0.0	0.0	0.0	569153.0	493.0	406.0	719.0	17.0
P11917_148_S95_R2_001_SORTMERNA_CLEAN_screen	8323355.0	437773.0	0.0	0.0	0.0	574.0	0.0	0.0	0.0	610976.0	491.0	353.0	607.0	33.0
P11917_149_S96_R1_001_SORTMERNA_CLEAN_screen	10455481.0	235892.0	0.0	0.0	0.0	226.0	0.0	0.0	0.0	647282.0	87.0	745.0	1228.0	64.0
P11917_149_S96_R2_001_SORTMERNA_CLEAN_screen	10321599.0	291463.0	0.0	0.0	0.0	278.0	0.0	0.0	0.0	725904.0	80.0	605.0	1030.0	46.0
P11917_150_S97_R1_001_SORTMERNA_CLEAN_screen	8155655.0	545410.0	0.0	0.0	0.0	187.0	0.0	0.0	0.0	463286.0	134.0	637.0	1190.0	61.0
P11917_150_S97_R2_001_SORTMERNA_CLEAN_screen	8100289.0	561910.0	0.0	0.0	1.0	177.0	0.0	0.0	0.0	502524.0	145.0	499.0	994.0	21.0
P11917_151_S98_R1_001_SORTMERNA_CLEAN_screen	8509083.0	495759.0	0.0	0.0	0.0	331.0	0.0	0.0	0.0	713160.0	386.0	477.0	1410.0	176.0
P11917_151_S98_R2_001_SORTMERNA_CLEAN_screen	8432973.0	549224.0	0.0	0.0	0.0	350.0	0.0	0.0	0.0	735998.0	396.0	389.0	1377.0	75.0
P11917_152_S99_R1_001_SORTMERNA_CLEAN_screen	9197826.0	600104.0	0.0	0.0	0.0	123.0	0.0	0.0	0.0	634954.0	399.0	510.0	2604.0	77.0
P11917_152_S99_R2_001_SORTMERNA_CLEAN_screen	9125911.0	655418.0	0.0	0.0	0.0	143.0	0.0	0.0	0.0	651761.0	397.0	383.0	2549.0	35.0
P11917_153_S100_R1_001_SORTMERNA_CLEAN_screen	5720419.0	241799.0	0.0	0.0	0.0	201.0	0.0	0.0	0.0	365010.0	773.0	473.0	1099.0	48.0
P11917_153_S100_R2_001_SORTMERNA_CLEAN_screen	5670361.0	281044.0	0.0	0.0	0.0	225.0	0.0	0.0	0.0	376032.0	787.0	376.0	973.0	24.0
P11917_154_S101_R1_001_SORTMERNA_CLEAN_screen	7542825.0	734843.0	0.0	0.0	0.0	169.0	0.0	0.0	0.0	458108.0	388.0	435.0	938.0	34.0
P11917_154_S101_R2_001_SORTMERNA_CLEAN_screen	7517115.0	749698.0	0.0	0.0	0.0	188.0	0.0	0.0	0.0	469183.0	404.0	357.0	778.0	17.0
P11917_155_S102_R1_001_SORTMERNA_CLEAN_screen	10287413.0	418944.0	0.0	0.0	0.0	350.0	0.0	0.0	0.0	553318.0	28.0	667.0	868.0	364.0
P11917_155_S102_R2_001_SORTMERNA_CLEAN_screen	10161721.0	520302.0	0.0	0.0	0.0	362.0	0.0	0.0	0.0	577400.0	27.0	917.0	847.0	376.0
P11917_156_S103_R1_001_SORTMERNA_CLEAN_screen	9535822.0	363300.0	0.0	0.0	0.0	496.0	0.0	0.0	0.0	448527.0	136.0	930.0	1160.0	62.0
P11917_156_S103_R2_001_SORTMERNA_CLEAN_screen	9441594.0	444033.0	0.0	0.0	0.0	575.0	0.0	0.0	0.0	461876.0	131.0	1019.0	1164.0	41.0
P11917_157_S104_R1_001_SORTMERNA_CLEAN_screen	6904263.0	835827.0	0.0	0.0	0.0	315.0	0.0	0.0	0.0	444518.0	109.0	593.0	706.0	33.0
P11917_157_S104_R2_001_SORTMERNA_CLEAN_screen	6817619.0	897225.0	0.0	0.0	0.0	304.0	0.0	0.0	0.0	469800.0	105.0	680.0	615.0	16.0
P11917_158_S105_R1_001_SORTMERNA_CLEAN_screen	9054729.0	381386.0	0.0	0.0	0.0	306.0	0.0	0.0	0.0	677461.0	85.0	738.0	1619.0	38.0
P11917_158_S105_R2_001_SORTMERNA_CLEAN_screen	8962732.0	449166.0	0.0	0.0	0.0	315.0	0.0	0.0	0.0	701561.0	86.0	852.0	1616.0	34.0
P11917_159_S106_R1_001_SORTMERNA_CLEAN_screen	10400374.0	648557.0	0.0	0.0	0.0	272.0	0.0	0.0	0.0	697785.0	578.0	758.0	862.0	43.0
P11917_159_S106_R2_001_SORTMERNA_CLEAN_screen	10287088.0	731976.0	0.0	0.0	0.0	425.0	0.0	0.0	0.0	727568.0	603.0	795.0	751.0	23.0
P11917_160_S107_R1_001_SORTMERNA_CLEAN_screen	6728140.0	357615.0	0.0	0.0	0.0	773.0	0.0	0.0	0.0	266585.0	2426.0	517.0	2239.0	47.0
P11917_160_S107_R2_001_SORTMERNA_CLEAN_screen	6670423.0	417217.0	0.0	0.0	0.0	957.0	0.0	0.0	0.0	264403.0	2475.0	628.0	2204.0	35.0
P11917_161_S108_R1_001_SORTMERNA_CLEAN_screen	10639289.0	566141.0	0.0	0.0	0.0	234.0	0.0	0.0	0.0	586230.0	49.0	1224.0	1287.0	151.0
P11917_161_S108_R2_001_SORTMERNA_CLEAN_screen	10492388.0	660497.0	0.0	0.0	0.0	294.0	0.0	0.0	0.0	638538.0	53.0	1542.0	1134.0	159.0
P11917_162_S109_R1_001_SORTMERNA_CLEAN_screen	7366623.0	159856.0	0.0	0.0	0.0	150.0	0.0	0.0	0.0	669664.0	61.0	612.0	754.0	63.0
P11917_162_S109_R2_001_SORTMERNA_CLEAN_screen	7292229.0	204944.0	0.0	0.0	0.0	172.0	0.0	0.0	0.0	699184.0	57.0	530.0	640.0	27.0
P11917_163_S110_R1_001_SORTMERNA_CLEAN_screen	9612300.0	219733.0	0.0	0.0	0.0	649.0	0.0	0.0	0.0	679007.0	124.0	723.0	1012.0	19.0
P11917_163_S110_R2_001_SORTMERNA_CLEAN_screen	9515258.0	282814.0	0.0	0.0	0.0	663.0	0.0	0.0	0.0	712997.0	129.0	776.0	919.0	11.0
P11917_164_S111_R1_001_SORTMERNA_CLEAN_screen	14472857.0	317933.0	0.0	0.0	0.0	279.0	0.0	0.0	0.0	638609.0	160.0	1524.0	2041.0	278.0
P11917_164_S111_R2_001_SORTMERNA_CLEAN_screen	14381843.0	402819.0	0.0	0.0	0.0	337.0	0.0	0.0	0.0	645527.0	165.0	1183.0	1662.0	145.0
P11917_165_S112_R1_001_SORTMERNA_CLEAN_screen	8547580.0	926833.0	0.0	0.0	1.0	295.0	0.0	0.0	0.0	674954.0	735.0	446.0	654.0	24.0
P11917_165_S112_R2_001_SORTMERNA_CLEAN_screen	8427249.0	1012106.0	0.0	0.0	0.0	375.0	0.0	0.0	0.0	709907.0	766.0	499.0	593.0	27.0
P11917_166_S113_R1_001_SORTMERNA_CLEAN_screen	12701766.0	639821.0	0.0	0.0	0.0	524.0	0.0	0.0	0.0	1127950.0	3161.0	616.0	1692.0	65.0
P11917_166_S113_R2_001_SORTMERNA_CLEAN_screen	12549501.0	713646.0	0.0	0.0	0.0	626.0	0.0	0.0	0.0	1205979.0	3202.0	830.0	1713.0	98.0
P11917_167_S114_R1_001_SORTMERNA_CLEAN_screen	7889660.0	1289281.0	0.0	0.0	0.0	2286.0	0.0	0.0	0.0	229890.0	128.0	567.0	5818.0	57.0
P11917_167_S114_R2_001_SORTMERNA_CLEAN_screen	7851121.0	1312825.0	0.0	0.0	0.0	2395.0	0.0	0.0	0.0	244920.0	160.0	551.0	5650.0	65.0
P11917_168_S115_R1_001_SORTMERNA_CLEAN_screen	8079632.0	735762.0	0.0	0.0	0.0	459.0	0.0	0.0	0.0	276970.0	42.0	457.0	1367.0	27.0
P11917_168_S115_R2_001_SORTMERNA_CLEAN_screen	8045505.0	771231.0	0.0	0.0	0.0	574.0	0.0	0.0	0.0	275756.0	45.0	394.0	1180.0	31.0
P11917_169_S116_R1_001_SORTMERNA_CLEAN_screen	11445901.0	317164.0	0.0	0.0	0.0	3401.0	0.0	0.0	0.0	382117.0	167.0	1076.0	1999.0	90.0
P11917_169_S116_R2_001_SORTMERNA_CLEAN_screen	11350978.0	420456.0	0.0	0.0	0.0	5014.0	0.0	0.0	0.0	372495.0	172.0	951.0	1760.0	89.0
P11917_170_S117_R1_001_SORTMERNA_CLEAN_screen	9903698.0	299745.0	0.0	0.0	0.0	18564.0	0.0	0.0	0.0	330637.0	188.0	493.0	1037.0	67.0
P11917_170_S117_R2_001_SORTMERNA_CLEAN_screen	9848399.0	362016.0	1.0	0.0	0.0	18514.0	0.0	0.0	0.0	323950.0	183.0	416.0	910.0	40.0
P11917_171_S118_R1_001_SORTMERNA_CLEAN_screen	9905885.0	691613.0	10.0	0.0	0.0	568599.0	0.0	0.0	0.0	263132.0	420.0	499.0	1356.0	119.0
P11917_171_S118_R2_001_SORTMERNA_CLEAN_screen	9845474.0	761346.0	22.0	0.0	0.0	563698.0	0.0	1.0	0.0	258893.0	459.0	428.0	1272.0	40.0
P11917_172_S119_R1_001_SORTMERNA_CLEAN_screen	7877523.0	508799.0	9.0	0.0	0.0	77043.0	0.0	0.0	0.0	129335.0	192.0	363.0	1261.0	66.0
P11917_172_S119_R2_001_SORTMERNA_CLEAN_screen	7796721.0	593026.0	12.0	0.0	0.0	76540.0	0.0	0.0	0.0	126550.0	197.0	318.0	1203.0	24.0
