baseMean	log2FoldChange	lfcSE	stat	pvalue	padj
leptidea_sinapisG00000000299	82.8365432376591	-1.50120777990937	0.756330785440386	-1.9848561090043	0.0471604828026981	0.490081139309629
leptidea_sinapisG00000000928	15.4373018316947	-1.21651543431063	0.823323729606685	-1.47756634549059	0.139523887922598	0.668064606323792
leptidea_sinapisG00000007801	10.6733755222575	-1.02632569565269	0.530386662164793	-1.93505185719359	0.0529839324304696	0.504744278124974
leptidea_sinapisG00000005125	17.6414163184185	-1.63903186409779	1.13761007747396	-1.4407677081564	0.149650319164766	0.677234559526484
leptidea_sinapisG00000014808	299.804357996071	-6.35997688736286	1.23989265082183	-5.12945768583055	2.90578076103882e-07	0.000646536219331137
leptidea_sinapisG00000005091	20.2503721492394	-1.20925444818206	1.0454619317504	-1.15666999577635	0.247407212700949	0.753304103003249
leptidea_sinapisG00000009646	10.7498976517248	1.49719293536209	0.890380372452072	1.68152059690948	0.0926618391784966	0.587804966991176
leptidea_sinapisG00000007557	125.738848307779	4.66332604783106	1.21832715298117	3.82764681589851	0.000129374216181651	0.034891834061112
leptidea_sinapisG00000012734	112.81262246403	1.08416893259952	0.444352471561899	2.43988500567728	0.0146919378576588	0.334808755767221
leptidea_sinapisG00000008513	82.828250519196	1.43904384260082	0.92176508983782	1.5611828419907	0.118480616168354	0.639514409913808
leptidea_sinapisG00000008341	22.5507190959298	-1.60687202712223	0.433686090496196	-3.70515002056845	0.000211265653645329	0.0403102160585643
leptidea_sinapisG00000012431	22.9942965405029	-1.19268589076936	0.285885826219469	-4.17189584576943	3.02075718974622e-05	0.0179231593258275
leptidea_sinapisG00000009341	33.3408281718884	1.1551343978114	0.427395920491912	2.7027267749348	0.00687732527949931	0.240415691601814
leptidea_sinapisG00000012495	308.305385777976	1.99994491346427	1.16437721635208	1.71760910929704	0.0858679376730001	0.580418199435204
leptidea_sinapisG00000010898	442.68126948063	2.56791516116313	1.08833103713651	2.35949823494837	0.0182996679213485	0.368546859018503
leptidea_sinapisG00000000627	13.7537755607404	-1.36141705972864	0.879719363821352	-1.54755836431163	0.121728662276447	0.64434480663728
leptidea_sinapisG00000007057	14.6892881370137	1.0107039497723	0.421418058571702	2.39834038721038	0.0164695525452958	0.353202452176223
leptidea_sinapisG00000003825	37.1854395077956	-1.85070333192056	0.696326494703845	-2.65780972862117	0.00786502831151687	0.257182969485833
leptidea_sinapisG00000004888	17.9524272172392	-1.07804661203026	0.369869041668859	-2.91467111485211	0.00356063553203955	0.182264585657789
leptidea_sinapisG00000002069	27.6204452391781	-1.42058391387907	1.12220356877009	-1.26588789539851	0.205553220674479	0.726693037239967
leptidea_sinapisG00000007538	37.9478956041323	-1.03266930236479	0.800559265516058	-1.28993485785104	0.197073276696693	0.720901012166285
leptidea_sinapisG00000015084	553.583195878644	1.39798571415875	0.655134006597047	2.13389276099448	0.0328515601924239	0.440484014942192
leptidea_sinapisG00000013362	19.3558579034589	-1.41245680253231	0.349901187394511	-4.03673052112216	5.42012662686712e-05	0.0236792581551621
leptidea_sinapisG00000012960	59.1859799716429	-1.45893132475151	1.0544907476568	-1.38354113394871	0.16649900378417	0.692772853519921
leptidea_sinapisG00000006877	15.150102159298	-2.71865460889372	0.991316926494163	-2.74246765714812	0.00609794548154759	0.231253645871689
leptidea_sinapisG00000000649	581.452209819963	1.12696551911069	0.533601482183659	2.11199847964965	0.0346865797000886	0.449697530559308
leptidea_sinapisG00000011321	14.297587071246	1.23209721421984	0.988135155929732	1.24689138608834	0.212437325617843	0.728209039018607
leptidea_sinapisG00000004185	13.410976302753	-2.5325425207589	0.831050415714235	-3.04739937899235	0.00230830792966646	0.153826107453743
leptidea_sinapisG00000010050	27.4157942923355	1.15298405491293	0.978763318535909	1.17800088446064	0.238796253625982	0.751333565388394
leptidea_sinapisG00000013791	20.8799182366281	4.24126650094528	1.22385511006073	3.46549723580828	0.000529251967411128	0.0703036195516274
leptidea_sinapisG00000007678	22.5291279981482	-2.52893323344453	0.767243536802588	-3.29612842876932	0.000980271916843156	0.0958727479110339
leptidea_sinapisG00000012518	22.8240038941601	-1.14608601137324	0.318054091810183	-3.60343111717371	0.000314044000748161	0.0499835348626407
leptidea_sinapisG00000007216	26.7107699080407	-2.63758788446489	1.21249210177939	-2.1753443841771	0.0296043188368936	0.428916193299956
leptidea_sinapisG00000008782	21.9478741999623	1.29751254214165	0.740287791157678	1.75271368465036	0.0796511655393267	0.568372306089089
leptidea_sinapisG00000011152	3644.87954484845	1.04052878132907	0.563371781907241	1.84696645225371	0.0647520025560973	0.540612404079986
leptidea_sinapisG00000005139	25.0108228520965	-1.68948939879005	0.609029114010586	-2.77407000736698	0.00553597636675746	0.219956203857774
leptidea_sinapisG00000002295	30.2576061576421	1.02706694170327	0.509662376037503	2.01519082041813	0.043884658985083	0.482839386346586
leptidea_sinapisG00000001581	11.905396846591	-1.60229792561644	0.477104827165115	-3.35837709950883	0.000784015763307438	0.0883258264991924
leptidea_sinapisG00000007864	17.9286527389545	1.72652946498384	0.61770142141044	2.79508740815512	0.00518856844995004	0.210859631071029
leptidea_sinapisG00000012401	1281.46609917246	1.58270750795259	1.43871601621279	1.10008333132958	0.271295815733698	0.762473421296127
leptidea_sinapisG00000012742	13.4664853499616	-1.74674091078266	0.889541199157146	-1.96364250743835	0.0495715642308908	0.498267663906215
leptidea_sinapisG00000001323	37.6088477042251	1.02361812938428	0.483557521497137	2.1168487385225	0.0342726873945373	0.449697530559308
leptidea_sinapisG00000003161	69.3906640834092	-1.60147389836327	0.737252408350804	-2.1722192836856	0.029839126835141	0.429912292007954
leptidea_sinapisG00000013329	51.9221830936963	1.31745359565432	0.653870929986148	2.01485267999638	0.0439200873792307	0.482839386346586
leptidea_sinapisG00000010079	14.7504866554407	1.15279177076373	0.785326350985742	1.46791428724727	0.142127506784665	0.66984362207658
leptidea_sinapisG00000013009	27.9390858799561	2.366138983606	1.09791697775049	2.15511649018667	0.0311527196173462	0.435530410732384
leptidea_sinapisG00000009593	109.428091013039	1.13207319190656	0.809211267035388	1.39898347690338	0.161817937974657	0.68629305132
leptidea_sinapisG00000005244	17.2090189497166	-4.351566356647	1.15355518264278	-3.77230879122543	0.000161743908309799	0.0354690189906812
leptidea_sinapisG00000011650	236.935491215526	-1.61201037290163	1.22311957195918	-1.31794994525312	0.187520404591485	0.712305420770047
leptidea_sinapisG00000003370	11.2344036693146	-2.12332120371739	1.01503491633574	-2.09187011160419	0.036450136399515	0.455626704993937
leptidea_sinapisG00000002686	252.456571179657	4.65248878795281	1.25633364838785	3.70322707978329	0.000212874174691295	0.0403102160585643
leptidea_sinapisG00000004357	122.191709453049	1.14190251684646	1.01202429200397	1.12833508629058	0.259178431024597	0.758030902438025
leptidea_sinapisG00000003917	471.541839275532	4.87347164815036	1.22936932568693	3.96420469123647	7.36410452695743e-05	0.0243725514022518
leptidea_sinapisG00000004533	32.9413910043417	-1.78411621950885	0.339333580546991	-5.25770605029108	1.45863422073964e-07	0.000432728152152761
leptidea_sinapisG00000001636	12.7809811325403	-1.15735976724335	0.368834031842772	-3.13788768748084	0.00170170067773014	0.128558255755879
leptidea_sinapisG00000003967	1199.17140492473	-3.04160069135942	1.25681533580311	-2.42008559627882	0.0155168541079054	0.343102600979813
leptidea_sinapisG00000003968	27.8944580644559	-1.25784333132959	0.379599803919408	-3.31360374358001	0.000921019323182083	0.0934189082126046
leptidea_sinapisG00000010484	170.178742744943	-1.05905634446677	0.443330662279432	-2.38886329003619	0.0169005899223222	0.354776667074638
leptidea_sinapisG00000008057	11.6000732363326	-1.54281974333919	1.17215356885578	-1.31622663133232	0.188097987717357	0.713038110499913
leptidea_sinapisG00000011500	11.6874790750248	-1.08554557192415	0.813003800485533	-1.33522816409451	0.18180168163834	0.706751630350422
leptidea_sinapisG00000001268	448.820341972933	-4.75439601884265	1.27072908522901	-3.74147099811273	0.000182946292297643	0.0370050454874777
leptidea_sinapisG00000005817	60.203192685104	-1.17981824414809	0.656465287349924	-1.79722868350111	0.07229932266801	0.555668369382806
leptidea_sinapisG00000006897	68.2952047539595	-1.50309736955243	1.13264196212195	-1.32707194313767	0.184484885357387	0.708977401657298
leptidea_sinapisG00000006054	44.0250084112217	-1.31049310179753	0.927875953298585	-1.4123580820677	0.157844552392295	0.682042866650307
leptidea_sinapisG00000012089	41.4804232343314	-1.16145429555759	0.405588584341489	-2.86362669068539	0.00418821289515381	0.192188802549567
leptidea_sinapisG00000003313	643.239344169243	-2.00429895432095	1.08866576952755	-1.84105995652895	0.0656127729388471	0.543212724796036
leptidea_sinapisG00000001815	28.9008548164763	-1.69155345424302	0.964317262076224	-1.75414619313256	0.0794054602223867	0.568152184670346
leptidea_sinapisG00000011265	120.691174202375	-1.90640493064144	0.497499485757344	-3.83197367076535	0.000127119346326719	0.034891834061112
leptidea_sinapisG00000001420	29.3952281047151	-1.91866433201668	1.08900087752638	-1.76185747101953	0.0780933817182588	0.565195273938056
leptidea_sinapisG00000008032	30.3445873952609	-1.29136969776783	0.565262068582354	-2.28455042279152	0.0223392027815582	0.385157944742154
leptidea_sinapisG00000008205	382.859509029578	-1.01192020572831	0.777682783815433	-1.30119918659338	0.193190283634229	0.717310606735351
leptidea_sinapisG00000009818	234.502044993977	1.37647696015323	1.060523189946	1.2979225472885	0.194313951289104	0.719315217909708
leptidea_sinapisG00000014247	72.9127350362356	-1.29668821910002	1.11316151129512	-1.16486979287612	0.244071702482162	0.753163930697634
leptidea_sinapisG00000007436	12.9713918902325	-1.02804381415624	0.479889092051807	-2.14225293131951	0.0321731342124594	0.436906764912031
leptidea_sinapisG00000002425	11.6141311866746	-1.26590743876396	0.654279949181312	-1.93481007686078	0.0530136060769716	0.504744278124974
leptidea_sinapisG00000004041	13.7596618536275	-1.39606127844904	1.06802410393687	-1.30714398046166	0.19116381685015	0.715618894424883
leptidea_sinapisG00000004046	69.249272813404	-1.01074989669224	0.741161886993018	-1.36373701134711	0.172650351000745	0.697498013575413
leptidea_sinapisG00000003590	88.3523832224538	1.18841045892137	0.591361984809389	2.00961591960367	0.0444718550289297	0.482997774448827
leptidea_sinapisG00000000165	1233.20062272737	-1.07659822552983	1.66838130344636	-0.645295067324183	0.518735988668854	0.89195330354575
leptidea_sinapisG00000015004	24.6521974556183	-1.19993466413874	0.925681384842753	-1.29627178831361	0.194881864517078	0.719459543490507
leptidea_sinapisG00000006716	27.2116234568246	-1.41905836237843	0.948031106181879	-1.49684789151443	0.134432841540347	0.662210572689917
leptidea_sinapisG00000006431	98.0357454166049	1.60422984528715	0.692829307814809	2.31547630446943	0.0205868798717541	0.374741867541268
leptidea_sinapisG00000002368	13.3069134920776	1.09674633875074	0.867727366288918	1.26392964122047	0.206255281661922	0.726693037239967
leptidea_sinapisG00000001896	11.5445604610648	-1.81797574738711	1.05435570128355	-1.72425277842567	0.0846622199762122	0.576777305007793
leptidea_sinapisG00000008480	14.9381188039034	-1.25321747173987	0.447448358844105	-2.8008091815943	0.00509746508778293	0.208107519638844
leptidea_sinapisG00000005659	28.3578462045445	-1.72267551867156	0.606087266779502	-2.84228957296059	0.00447907883475318	0.195410792300506
leptidea_sinapisG00000002623	22.6305504206111	1.94114076599589	0.76931628439497	2.52320249209661	0.0116291415619391	0.298269048706795
leptidea_sinapisG00000010993	13.2319766393951	-3.18797843104223	0.933499769479941	-3.4150821834892	0.000637627698328897	0.0799279790862983
leptidea_sinapisG00000014858	16.7582080402889	-1.09123377971384	1.12614729641787	-0.968997379991867	0.332546496403248	0.808642628662513
leptidea_sinapisG00000002999	22.3416267426398	-1.70280514765555	0.898184785010563	-1.89582942850175	0.0579826031381223	0.518638359727928
leptidea_sinapisG00000002998	39.4909833956456	-1.17811944089604	0.649355641253407	-1.81428999157072	0.069633091605643	0.552840780811974
leptidea_sinapisG00000004666	414.6809588709	4.33978323816358	1.40773715724194	3.08280790617628	0.00205057473781137	0.143701694224576
leptidea_sinapisG00000004663	35.5329256816518	1.06824372817563	0.919777166384284	1.16141579419174	0.245472848999645	0.753163930697634
leptidea_sinapisG00000012333	22.111728184151	1.37059094985624	0.989454349595086	1.38519877184544	0.165991696154988	0.692376358566705
leptidea_sinapisG00000007150	56.5952755827676	-1.70388224371359	0.809233269700657	-2.10555139971428	0.0352433380635351	0.451082401297485
leptidea_sinapisG00000001416	79.1112274101281	-1.55430492885627	1.1714642381204	-1.32680527350125	0.184573105577523	0.708977401657298
leptidea_sinapisG00000013671	396.008745357729	-2.87125837501758	1.16736437999862	-2.45960766339382	0.013908897260564	0.330104494984052
leptidea_sinapisG00000008564	10.0125451543754	-1.69446967204762	0.560841083409385	-3.02130090354088	0.00251691101730255	0.15649533975892
leptidea_sinapisG00000002442	446.629673335256	1.02823447564976	1.30824651564229	0.785963855707233	0.431888662618015	0.850118283355043
leptidea_sinapisG00000007712	18.7828088697401	-1.52785926364938	0.89347373715068	-1.710021459077	0.0872619049455444	0.580418199435204
leptidea_sinapisG00000009218	231.807893395659	1.94735779859951	1.17855192174041	1.6523309348338	0.0984671063658726	0.60575502001171
leptidea_sinapisG00000003479	402.649940622886	1.96995184031894	1.4646253808388	1.34502096310166	0.178618464942427	0.705281427678615
leptidea_sinapisG00000006142	494.180579057666	-2.6162495873254	1.73005633846102	-1.51223375167811	0.130474407567587	0.657916276119846
leptidea_sinapisG00000010611	56.6949455651445	-1.24281289094283	0.49244651914049	-2.52375200684131	0.0116109805770255	0.298269048706795
leptidea_sinapisG00000005425	99.9248234150062	-1.73938150743901	0.519394018321305	-3.34886703751563	0.000811427258164667	0.0883633528864758
leptidea_sinapisG00000005428	144.179887135424	-1.38920172563367	0.917720934685207	-1.51375180965027	0.130088799169788	0.657835404892678
leptidea_sinapisG00000009514	414.44565526674	-2.24124386294594	1.30641727406465	-1.71556508585712	0.0862416733394692	0.580418199435204
leptidea_sinapisG00000001066	20.0959369349301	-1.34326668697652	0.318122090855338	-4.22248792394412	2.41620348317304e-05	0.0165902273812016
leptidea_sinapisG00000008977	2542.96162427289	-1.09195959004013	1.0356242725316	-1.0543974479961	0.291700990176845	0.777562104098554
leptidea_sinapisG00000013239	1669.51149451946	1.86850451773599	0.676516810171885	2.76194839454359	0.0057457559311313	0.222335772987255
leptidea_sinapisG00000005605	66.8821670035744	1.94933629194029	1.07498269488597	1.81336527668202	0.0697755014099899	0.552845603595542
leptidea_sinapisG00000013230	32.819246147753	-3.68610027270007	1.07734794588659	-3.4214575586039	0.000622864455537436	0.0791927664897597
leptidea_sinapisG00000000127	447.971951493121	2.46049333109477	1.66409324581421	1.47857900227875	0.139252868111246	0.667945491793675
leptidea_sinapisG00000009126	26.55523695768	-2.79324551627097	0.925716780105659	-3.01738671729831	0.00254964317584757	0.15649533975892
leptidea_sinapisG00000010408	43.2614767738762	-1.45468254217626	0.619616861141097	-2.34771297136312	0.0188890710811791	0.368546859018503
leptidea_sinapisG00000014319	12.4232116727842	1.84765247213301	1.05603120010358	1.7496192081747	0.0801840430195786	0.568372306089089
leptidea_sinapisG00000007734	11.9680931232979	-2.94499193141633	0.868314427877377	-3.39161925319548	0.000694809193772465	0.0813658134812492
leptidea_sinapisG00000001556	17.4611259664516	-1.16740838375007	0.510470582371033	-2.28692587597838	0.02220014998246	0.385157944742154
leptidea_sinapisG00000012127	18.244108866855	-1.16324463681108	0.368770719967423	-3.15438448289452	0.00160837037588718	0.125565757415753
leptidea_sinapisG00000009724	40.831152746073	1.46637992621484	0.916676424516698	1.59967016386177	0.109671774108364	0.628107329192045
leptidea_sinapisG00000009539	203.082269305259	-1.12304344591179	1.00294526503758	-1.11974549864365	0.262822230316233	0.758714839381925
leptidea_sinapisG00000013546	34.8372893081075	1.30604823041295	1.30579659779527	1.00019270429874	0.317217259250915	0.798877647802248
leptidea_sinapisG00000014129	10.6038426977717	1.55660591226366	0.987096817693601	1.57695363247219	0.114806194479578	0.63495299893737
leptidea_sinapisG00000010957	12.9628177225903	-1.63481717952571	0.964713502595457	-1.69461417833109	0.0901486356408522	0.58526954680852
leptidea_sinapisG00000007193	2473.87214826027	1.18291909660971	1.45809794741304	0.811275469325258	0.417207494058554	0.841823071669673
leptidea_sinapisG00000014331	97.4621675427179	1.21101349404853	0.796322159801759	1.5207582498395	0.128320515052557	0.655675546433163
leptidea_sinapisG00000005028	11.0023569175762	-1.33684930124761	0.834840413947106	-1.60132317376325	0.109305358907315	0.627104281477297
leptidea_sinapisG00000000506	113.070421161018	1.11435523517	0.411340859287374	2.70907985435865	0.00674700985838677	0.240122420168718
leptidea_sinapisG00000009258	17.388244848593	-1.70041470379269	0.950810537007997	-1.7883843706061	0.0737140161452716	0.557739455957092
leptidea_sinapisG00000009257	11.9164920008502	1.34977119588814	0.700102250436678	1.9279629440503	0.0538597355000203	0.504744278124974
leptidea_sinapisG00000006106	40.6984541152547	-1.15315336264663	0.760546630601627	-1.51621651618446	0.129464613111311	0.657835404892678
leptidea_sinapisG00000006102	10.0295836877993	-1.6424793548778	0.386510077837748	-4.24951236476503	2.14236383828691e-05	0.0165902273812016
leptidea_sinapisG00000004163	30.9537841602983	1.02152233692315	0.562416326578454	1.81630989117569	0.0693228488146682	0.551018886038461
leptidea_sinapisG00000004161	11.1061188960777	-1.00704037783308	0.502989257836045	-2.00211110305925	0.0452727836485401	0.485455149966273
leptidea_sinapisG00000000887	22.2203373707177	-1.30729461878639	0.727087598037728	-1.79798778347276	0.0721789437396358	0.555668369382806
leptidea_sinapisG00000014262	1136.05337364767	1.65097019992006	0.682321352698098	2.41963730636839	0.0155359941791983	0.343102600979813
leptidea_sinapisG00000008428	43.0796532104485	-2.18162951484037	1.0053386148478	-2.17004448314228	0.0300034762577224	0.430941170586848
leptidea_sinapisG00000010937	32.0101405644308	-2.18564278364573	0.876555634351061	-2.49344445234652	0.0126510377394083	0.311033800775509
leptidea_sinapisG00000008646	154.781073293523	1.07016208158337	0.630353546827433	1.69771723657222	0.0895611429643487	0.584232803240314
leptidea_sinapisG00000004999	16.4338430211174	-1.81522816564429	0.727167515928486	-2.49629985647325	0.0125496466155551	0.310691431078904
leptidea_sinapisG00000009119	14.8129295647229	1.24130674571776	0.982540870102566	1.26336398157991	0.206458402198465	0.726693037239967
leptidea_sinapisG00000009116	17.7172956727284	1.13779458680277	0.7816189726524	1.45568957076579	0.145478454245205	0.673651531104226
leptidea_sinapisG00000005910	11.4107093260856	1.01121468083547	1.04767044097421	0.965203026912889	0.334443131162461	0.808829447628984
leptidea_sinapisG00000001611	144.980947465685	-2.14291339915228	1.11366523639793	-1.92419887872534	0.0543296596338058	0.504744278124974
leptidea_sinapisG00000008093	295.281250187709	2.24369741636816	0.871078359542519	2.57576989692009	0.0100017181406251	0.287691964052822
leptidea_sinapisG00000005008	384.549673892162	1.50353342906374	0.796666637964462	1.88728052288642	0.0591226047327232	0.521497702796072
leptidea_sinapisG00000005004	48.6242779477541	-1.29070691366977	0.465942324356015	-2.77010017377938	0.00560390547376362	0.220343518168421
leptidea_sinapisG00000008896	21.9439406939799	1.06117264414011	0.406302741674903	2.61177820205109	0.00900726694580941	0.274536561019533
leptidea_sinapisG00000008891	29.9842562286961	-3.41122185235692	0.987883542524621	-3.45306071567834	0.000554264234760669	0.0722982499696478
leptidea_sinapisG00000009278	116.778323095762	-1.20574792754821	0.563596548189113	-2.13938132059607	0.0324047984969517	0.437636884101472
leptidea_sinapisG00000004830	14.0663405467653	-1.70766621186295	0.423228099806837	-4.03486019156651	5.46348192484333e-05	0.0236792581551621
leptidea_sinapisG00000014910	53.0601262102715	-2.41714396239707	0.943283326351913	-2.56247926245577	0.0103927793929838	0.287691964052822
leptidea_sinapisG00000002366	25.7973732810926	-2.76555061115963	0.972848428461684	-2.84273534319489	0.00447281950057369	0.195410792300506
leptidea_sinapisG00000000067	28.8800599403412	-1.62620311705234	0.852231168983944	-1.90817136973663	0.0563690707266782	0.511268819998247
leptidea_sinapisG00000015297	76.1906411518093	3.11943612858532	1.23244321488908	2.53109927573099	0.0113705660754672	0.296768440092839
leptidea_sinapisG00000001006	100.929573274714	-2.01585502481898	1.29172285942062	-1.56059406250901	0.118619560589743	0.639514409913808
leptidea_sinapisG00000000235	159.561163639483	1.78999002422415	0.742951501123714	2.40929592512673	0.0159833321386301	0.346955258619043
leptidea_sinapisG00000013172	20.9944591274897	-1.03679642220418	0.444514582724137	-2.33242386751485	0.0196784037175169	0.370969786376417
leptidea_sinapisG00000012403	48.4970407089688	-1.1443199255304	0.315443111271459	-3.62765863206834	0.000286003056201752	0.0471375407443629
leptidea_sinapisG00000009133	117.21241572274	-2.00180115664513	0.98207917103634	-2.03832971483625	0.0415169700993695	0.472432914410589
leptidea_sinapisG00000006314	106.199431466587	-1.12961989830225	0.974750345243481	-1.15888124976255	0.246504592770285	0.753304103003249
leptidea_sinapisG00000014765	23.9410546498744	1.3606740244223	0.774315232919786	1.75726108253285	0.0788733180034905	0.565195273938056
leptidea_sinapisG00000001630	7374.25768179297	2.88886852816188	1.74101509866397	1.65930124924176	0.0970551036811293	0.601383355273365
leptidea_sinapisG00000006914	2686.65825636328	-1.18753926401569	0.939101712361769	-1.26454807651146	0.206033376237582	0.726693037239967
leptidea_sinapisG00000005498	177.111058491659	-1.78439159325248	1.01053876260319	-1.76578243139909	0.077432357070291	0.565195273938056
leptidea_sinapisG00000010658	16.1320501506052	1.15000679076663	0.697765441803064	1.64812804112934	0.099326399211509	0.607495955686509
leptidea_sinapisG00000006678	55.0043406789487	-6.62377392777739	1.30451616235035	-5.0775713777615	3.82289908499418e-07	0.000680476037128964
leptidea_sinapisG00000007610	34.3914022849779	-1.04634526910035	0.987243539540892	-1.05986540016959	0.289205838444108	0.775915893977594
leptidea_sinapisG00000002308	97.96119065869	-1.14719349364026	0.737134903505671	-1.55628703536413	0.119639852923493	0.639987183241079
leptidea_sinapisG00000009839	1199.47775907723	3.25521710805864	1.91200916791857	1.70251124454716	0.0886595723939742	0.581481351736456
leptidea_sinapisG00000014031	20.6367306493292	1.25047995136136	0.687328033681144	1.81933500466163	0.0688603360361689	0.550140925244078
leptidea_sinapisG00000014146	15.6334659322774	-1.00685771824038	0.430045216980287	-2.34128337785124	0.0192175744671396	0.369409098828385
leptidea_sinapisG00000014150	123.66178469253	-1.39156280654203	0.803526572044417	-1.73181927637	0.0833057449172123	0.573752445915229
leptidea_sinapisG00000012391	16.115621410796	2.41581989175734	0.881804434313953	2.73963227871139	0.00615079581704742	0.231253645871689
leptidea_sinapisG00000003553	11.5764023450346	-1.28758977631545	0.895361519084259	-1.43806691361088	0.150415069300506	0.677234559526484
leptidea_sinapisG00000006083	62.8374961188536	-1.60296212294328	0.864340816239012	-1.85454868360633	0.063660701952353	0.537042888508002
leptidea_sinapisG00000006334	21.2842122804298	-1.25343718147538	0.517937459382072	-2.42005508342802	0.0155181562183345	0.343102600979813
leptidea_sinapisG00000001922	89.1815513997695	1.71263614034418	1.02040011863198	1.67839664958121	0.093269691251204	0.588723583074976
leptidea_sinapisG00000010537	22.3952326121668	-1.32938374779022	0.637599509714454	-2.0849823871188	0.0370708993200867	0.456968149513535
leptidea_sinapisG00000000563	454.978630395293	-2.44360295395667	1.48013017165857	-1.6509378706999	0.0987512618875222	0.606601601281559
leptidea_sinapisG00000015151	404.078907452408	2.49982282203841	1.25464206273961	1.99245896202448	0.0463207235723406	0.487875076679091
leptidea_sinapisG00000005301	10.1668311032364	-2.05736001701592	0.88039079761261	-2.33687133327034	0.0194458753272752	0.369650493285936
leptidea_sinapisG00000006533	16.5745554899852	1.49341693801297	0.776844671839682	1.92241382627539	0.0545537072094189	0.505232043874951
leptidea_sinapisG00000006654	243.837699698616	-4.70235107226377	1.17614775050645	-3.99809553709466	6.3854179294819e-05	0.0236792581551621
leptidea_sinapisG00000014955	335.063709525606	-1.38682734085988	0.60461245996406	-2.29374588301127	0.021805099548739	0.380946798297017
leptidea_sinapisG00000003052	34.0930627243341	3.14858132508627	0.863779745866985	3.64512057634091	0.000267266463524295	0.0448805948182306
leptidea_sinapisG00000004491	12.5062202385334	-1.54493169359141	0.57273807676983	-2.69744889724223	0.00698730083637851	0.242917880639722
leptidea_sinapisG00000010726	31.7457153822145	-1.10916340289664	0.549149854527875	-2.01978274919189	0.0434059272883931	0.482077496023308
leptidea_sinapisG00000005511	99.8938575633564	1.36602531762689	0.632903569896343	2.15834667807391	0.0309008881065823	0.435530410732384
leptidea_sinapisG00000010222	442.66680505472	-1.77432171829912	1.16637968095788	-1.52122138894084	0.128204289689934	0.655675546433163
leptidea_sinapisG00000003202	36.0725360426066	1.13926095889093	1.08486478881495	1.0501409674614	0.293653305744772	0.778839739298912
leptidea_sinapisG00000012449	24.9412604114962	1.62174324404185	0.988854182107993	1.64002263770043	0.101000460155316	0.610112014565384
leptidea_sinapisG00000009177	44.4819800769289	-1.70169550722366	0.824315022826003	-2.06437522076175	0.0389821540217298	0.461068979691428
leptidea_sinapisG00000014721	97.0914832762905	-1.32940121575321	1.28717171629267	-1.03280797653182	0.301693770162163	0.786320222686206
leptidea_sinapisG00000014723	50.6412909899004	1.08665272600679	0.635569786038051	1.70972999327211	0.0873158137518132	0.580418199435204
leptidea_sinapisG00000007001	13.0432146860018	-1.58117922248217	0.417391733846498	-3.78823798907257	0.000151719481962896	0.0354690189906812
leptidea_sinapisG00000001186	164.529392117186	-4.50728959690193	1.45004574606082	-3.10837751784479	0.00188117602242375	0.137124639663557
leptidea_sinapisG00000009786	57.8481778546976	2.08612809112673	0.813476531353963	2.56446008055641	0.0103336465552381	0.287691964052822
leptidea_sinapisG00000008835	43.005013261734	1.24906453184501	0.55833996114129	2.23710394880536	0.0252795469461256	0.405426625665425
leptidea_sinapisG00000006518	50.4174530896304	-3.91435944251222	1.26701065941868	-3.08944475992664	0.00200530993649682	0.142778067478574
leptidea_sinapisG00000013278	99.9936342948062	-1.27661140766126	0.294036161145493	-4.34168165809229	1.41396302603214e-05	0.0139048433310791
leptidea_sinapisG00000004858	14.1231450215141	-1.05117424871243	0.577724196934087	-1.81950877995225	0.0688338445429584	0.550140925244078
leptidea_sinapisG00000005726	110.067884664715	-2.91025708062945	1.09607655510203	-2.65515859004807	0.00792711309048358	0.257182969485833
leptidea_sinapisG00000007582	73.4229978947475	-1.03499949764793	0.798176471555645	-1.29670509534153	0.194732675501799	0.719459543490507
leptidea_sinapisG00000000910	103.018977915753	-1.05820811419488	0.552221960373065	-1.91627314763069	0.0553303369381507	0.506353623224002
leptidea_sinapisG00000011129	23.2530523733954	1.24701627811243	1.17310415606184	1.06300559218776	0.287779415327849	0.775115146601045
leptidea_sinapisG00000009481	234.02664120459	4.58397991195748	1.30606881813977	3.5097537344827	0.000448521892364556	0.0633626165403896
leptidea_sinapisG00000009486	52.8300497794648	-1.71651870894595	1.17766482776506	-1.45756132685352	0.144961495892496	0.673326573709796
leptidea_sinapisG00000010299	142.579107278138	3.30500585351988	1.26234133262724	2.6181554608858	0.008840651837845	0.271316556402829
leptidea_sinapisG00000012815	66.5239642615084	-3.26017563637891	1.14116128051814	-2.85689296687198	0.00427810073376983	0.193282915455848
leptidea_sinapisG00000007370	11.968522572089	1.02633559137398	0.520942532327038	1.97015126944879	0.0488210365182924	0.496234219361295
leptidea_sinapisG00000014459	57.3223788504414	-1.67064745082673	1.01712536145667	-1.64251872397924	0.100482549027875	0.609607829821465
leptidea_sinapisG00000003267	17.7372119066017	1.04864344715775	0.740744791617299	1.4156609118617	0.156874807958759	0.682042866650307
leptidea_sinapisG00000004284	10.9362145026989	-1.63690961173278	0.700153015662301	-2.33793124519269	0.0193908151040258	0.369546583352953
leptidea_sinapisG00000003485	27.3638128709257	-2.03239751449929	0.750586037378979	-2.70774756428505	0.00677415264449041	0.240122420168718
leptidea_sinapisG00000011358	47.6979705705429	1.10548972185035	0.622853061717366	1.7748804490135	0.0759176291251515	0.563572010020454
leptidea_sinapisG00000003874	13.0903563836309	1.13994520418892	0.788432462954815	1.44583747847817	0.148222791368249	0.677234559526484
leptidea_sinapisG00000014245	425.972384278159	1.58055802133813	0.909705762368316	1.73743872658707	0.0823097605955086	0.573752445915229
leptidea_sinapisG00000006577	18.4211673373496	1.27895977607607	0.724673563052912	1.76487709954266	0.0775844232315956	0.565195273938056
leptidea_sinapisG00000015143	40.4892391546007	-1.13313389462606	0.392230525974085	-2.88894876759523	0.00386532044518602	0.187842654612489
leptidea_sinapisG00000000285	60.9455626012476	1.81312002882541	0.557833752340909	3.25028742204426	0.00115288424312027	0.104700711875209
leptidea_sinapisG00000006398	1389.67755839276	1.13585143538459	0.76613166003634	1.48257994628588	0.138186048402601	0.666588526169731
leptidea_sinapisG00000000632	1061.56143105184	1.26402232993336	0.519496649363641	2.433167435212	0.0149673778381504	0.335540712240652
leptidea_sinapisG00000004367	218.647402607119	-2.58715634283898	1.22328334955252	-2.11492811030688	0.0344360749266447	0.449697530559308
leptidea_sinapisG00000007043	12.1314392054102	-1.89197670476359	0.665189808024052	-2.84426592521571	0.00445138793722064	0.195410792300506
leptidea_sinapisG00000007048	410.146634668674	1.14545900221118	0.944352111291499	1.21295752772199	0.225146059281261	0.742148121334528
leptidea_sinapisG00000011371	657.28174435381	-1.86932705099505	1.66565661805013	-1.12227636280961	0.261744953086318	0.758714839381925
leptidea_sinapisG00000004437	82.1334542344872	-1.02082285452689	0.440652936540796	-2.31661421013221	0.0205247565928834	0.374741867541268
leptidea_sinapisG00000004890	17.3758346878755	2.00475179974755	0.949356643703463	2.11169512853143	0.0347126071341848	0.449697530559308
leptidea_sinapisG00000008734	12.3727966118547	-1.23003598355401	0.372978334942651	-3.29787515337357	0.000974194394184827	0.0958727479110339
leptidea_sinapisG00000015537	36.8791909772168	-1.09722286536217	0.48204731051147	-2.27617256944754	0.0228356830048052	0.388369605397116
leptidea_sinapisG00000012441	208.974283111832	-1.35164327209792	0.357927299427347	-3.77630673676031	0.000159170956479921	0.0354690189906812
leptidea_sinapisG00000007603	1313.50796654885	4.37578966440958	0.987186469905121	4.43258674810458	9.31092214139127e-06	0.010677406554578
leptidea_sinapisG00000007605	12.4663765046874	-1.333594102073	0.901721231983936	-1.47894277607157	0.139155609454259	0.667945491793675
leptidea_sinapisG00000012017	121.443182621866	-1.16118250457421	0.527497919661354	-2.2013025289648	0.0277146139654943	0.418962512682571
leptidea_sinapisG00000003650	14.3002882166123	-4.63472676594954	1.15659191459228	-4.00722736124554	6.14357162033747e-05	0.0236792581551621
leptidea_sinapisG00000003039	18.3439297207308	1.1278380265116	0.584387889484945	1.92994763718603	0.0536133260885288	0.504744278124974
leptidea_sinapisG00000002920	18.916857260302	-1.33346424956055	0.672205969124187	-1.98371378834662	0.0472877555709969	0.490514014664187
leptidea_sinapisG00000004561	38.4003223683127	-1.04912499259128	0.208585288789625	-5.029717094044	4.91204056205099e-07	0.000728619350037563
leptidea_sinapisG00000015320	3111.30190676931	1.25890835918651	0.749002490310814	1.68077993794667	0.0928056668501761	0.588288367562681
leptidea_sinapisG00000011894	14.9344769257711	2.20336699287119	0.692687707467877	3.18089518424631	0.00146820739826131	0.117721133734465
leptidea_sinapisG00000012972	117.79385831809	-1.07459321274702	0.811725034717979	-1.32383894396009	0.18555653925617	0.709387113135701
leptidea_sinapisG00000006004	29.2957076596088	3.03011995294778	1.01951074062163	2.97213146680554	0.00295740019054732	0.167648800610644
leptidea_sinapisG00000013558	32.9242285185013	-2.63518363242487	1.07704796768978	-2.44667248950595	0.0144181788324496	0.333495005598732
leptidea_sinapisG00000014780	1117.78822133496	1.3224959638573	0.741079392974711	1.78455368803168	0.0743337390653631	0.559419009020167
leptidea_sinapisG00000004640	80.177415926665	-1.12370755749063	1.1630351821783	-0.966185352523888	0.333951440962426	0.808642628662513
leptidea_sinapisG00000007661	28.2238428625835	-1.19476449500933	1.03864099880629	-1.15031516797669	0.250014085763529	0.753687117155464
leptidea_sinapisG00000009674	19.8408911940409	-1.0304047477524	0.415780521881964	-2.47824198951995	0.0132031563984146	0.319315467244266
leptidea_sinapisG00000004362	218.886672428008	-4.7895484657113	1.25064662824188	-3.82965768071857	0.000128321638493734	0.034891834061112
leptidea_sinapisG00000006211	498.083515300208	-2.13394735070694	1.26030990864078	-1.69319255214646	0.0904188217987687	0.58526954680852
leptidea_sinapisG00000006217	919.327688606125	-1.82338351604486	1.21024482155019	-1.50662368768438	0.13190714215984	0.659535710799199
leptidea_sinapisG00000002909	26.2807056026371	-1.24867441859022	0.591048622185637	-2.11264246581398	0.0346313811294161	0.449697530559308
leptidea_sinapisG00000011147	86.8024540897321	1.49854988505603	0.418580831712099	3.58007288323881	0.000343498385505672	0.0527092350172497
leptidea_sinapisG00000014437	13.0010308645667	1.75157942122251	0.848822607547472	2.06354002078644	0.0390613495154311	0.461068979691428
leptidea_sinapisG00000012561	14.6168103252658	-1.45521482437923	0.724307425474115	-2.00911211620767	0.0445252449992127	0.482997774448827
leptidea_sinapisG00000009462	89.987614684091	1.08576293998494	0.507802627625646	2.13815935742926	0.0325038117376644	0.437645876649339
leptidea_sinapisG00000012990	38.5135380726585	-1.68879428292227	0.899990427063401	-1.87645805126247	0.0605924097072709	0.527511471072285
leptidea_sinapisG00000012998	41.9131631793644	-1.03904505533869	0.321326769126334	-3.23360875959317	0.00122236783565241	0.108769421023921
leptidea_sinapisG00000002693	1248.80146588859	-1.06864949312176	0.767959100397004	-1.39154480045787	0.164060284240396	0.688743646103548
leptidea_sinapisG00000006149	899.136317411119	-1.66693917863572	1.19622282595504	-1.39350223258352	0.163467970371389	0.688111801398361
leptidea_sinapisG00000011332	17.4653324241485	-1.01566271854911	0.908620467769633	-1.11780743949367	0.263649243474715	0.759538194072321
leptidea_sinapisG00000014597	16.1308064569173	-2.36461323217106	1.05672627241637	-2.23767809497534	0.0252420547268522	0.405426625665425
leptidea_sinapisG00000013019	15.2943939687154	-1.35849206986258	0.926249332575845	-1.46665916193936	0.142468797363057	0.66984362207658
leptidea_sinapisG00000002877	139.786107560563	1.26667610723976	0.645885161454103	1.96114755816351	0.0498618122894437	0.498267663906215
leptidea_sinapisG00000008709	17.3758177849222	-1.02780667205093	0.333932676575168	-3.07788588583833	0.00208474730109812	0.144955085779479
leptidea_sinapisG00000006022	9083.83877909333	1.99415448809312	1.04448837656753	1.90921654355452	0.0562341630131654	0.510698011037931
leptidea_sinapisG00000002967	54.0588175397251	-1.14972010124261	0.197793214021572	-5.81273784811049	6.1459268782429e-09	5.46987492163618e-05
leptidea_sinapisG00000002732	106.658147241576	-1.83129376454135	0.976314028757201	-1.8757220633944	0.0606934546492157	0.527511471072285
leptidea_sinapisG00000011744	30.997625373921	-1.1245525771456	0.369142076441843	-3.04639500320622	0.00231603352795523	0.153826107453743
leptidea_sinapisG00000007453	155.189182891537	1.06488773915162	0.613078394278833	1.73695199356071	0.0823956448558634	0.573752445915229
leptidea_sinapisG00000009919	47.4488389378719	-1.85860294096577	0.820224415275085	-2.26596880847839	0.0234532930731939	0.392357722465087
leptidea_sinapisG00000003407	18.1360761436915	-1.24684217768534	0.82444906491299	-1.5123337884032	0.130448969547295	0.657916276119846
leptidea_sinapisG00000012240	34.9977042663647	-1.02298084631269	0.351005333783845	-2.91443105802678	0.00356337504544442	0.182264585657789
leptidea_sinapisG00000010660	22.339585490318	-1.51908260157141	0.896918002448209	-1.69366942956318	0.0903281166724956	0.58526954680852
leptidea_sinapisG00000009630	107.311351141192	1.83666989064653	0.716536747222798	2.56325987154912	0.0103694402225425	0.287691964052822
leptidea_sinapisG00000013438	45.7011117667895	-1.33036842331809	0.756813703299437	-1.75785456515674	0.0787722582599468	0.565195273938056
leptidea_sinapisG00000002942	12.4335042999411	-1.09668406000131	0.81457518673334	-1.34632637706446	0.178197282803531	0.70455611592689
leptidea_sinapisG00000003544	52.4058131212445	-1.00474484592537	0.94750785035246	-1.06040793809953	0.288959052393306	0.775787501146433
leptidea_sinapisG00000002326	28.3350052219582	-1.38413528637294	0.591832537320401	-2.33872793246514	0.0193495185791312	0.369546583352953
leptidea_sinapisG00000011273	33.418724996405	4.75126746801239	1.20900016167337	3.92991466720417	8.49760132521739e-05	0.0270102327837267
leptidea_sinapisG00000013841	11609.853526681	1.69431272242254	0.991397210309173	1.70901501921128	0.0874481674365607	0.580418199435204
leptidea_sinapisG00000008041	399.59146364508	-1.15464758191265	0.309712116202071	-3.72813177628254	0.000192904508199779	0.0381522249550673
leptidea_sinapisG00000008519	34.883870021894	-1.2602523096244	0.790403222648709	-1.59444227137787	0.110837010947946	0.629145694057849
leptidea_sinapisG00000006065	77.0825531889696	-1.23796791675419	0.407723922861857	-3.0362896247656	0.00239509180730261	0.15649533975892
leptidea_sinapisG00000001061	11.2229074011602	-1.00526689570407	0.423552535427791	-2.37341725434069	0.0176243415157422	0.360294104347587
leptidea_sinapisG00000011044	16.8475557160084	-1.44891634502316	0.836704447463242	-1.73169432697059	0.0833280012522577	0.573752445915229
leptidea_sinapisG00000009942	12.8360119820649	-1.09926605588041	0.467640781401129	-2.35066337154521	0.0187399790388587	0.368546859018503
leptidea_sinapisG00000012822	6635.6132590838	-1.57368516499717	1.12868663156503	-1.39426225223834	0.163238425366102	0.688089469924884
leptidea_sinapisG00000012823	108.065698511538	4.91775353735898	1.23426976383208	3.98434254930676	6.76672047379749e-05	0.0240895248867191
leptidea_sinapisG00000010649	56.0788223572377	1.13067165217608	0.473196956456933	2.3894313704847	0.0168744762434644	0.354776667074638
leptidea_sinapisG00000008215	89.1358546545234	-1.48092277422519	1.0845718553535	-1.36544459172095	0.172113356751356	0.697227526211684
leptidea_sinapisG00000006885	194.859197984009	-1.46622773360298	1.32783373816914	-1.10422539468282	0.269495376346516	0.761915136430748
leptidea_sinapisG00000002157	87.7111981946909	-2.26759141356097	1.04756257246306	-2.16463576798981	0.030415589591258	0.433812095131725
leptidea_sinapisG00000015353	446.827849573291	5.48484316376236	1.44406202843691	3.79820468633145	0.000145747943800835	0.0354690189906812
leptidea_sinapisG00000000155	73.1779536855726	-1.03905810448696	0.443413700007481	-2.34331529330157	0.0191132234345251	0.368997155243544
leptidea_sinapisG00000001682	39.091885730429	1.82994960066213	0.75846311562178	2.41270743820147	0.0158345240298193	0.345545903441164
leptidea_sinapisG00000001428	270.308996784223	1.13380255222919	0.472989499550811	2.3970987797952	0.0165254680369615	0.353549676752302
leptidea_sinapisG00000008021	15.8184430748771	1.28433386900552	1.31882040324497	0.973850469590402	0.330130789630047	0.806582424169016
leptidea_sinapisG00000002299	46.2191766325677	-1.10926186772829	1.13634456687971	-0.976166824798759	0.328981800400911	0.806582424169016
leptidea_sinapisG00000009955	27.8930449046625	-1.54782068711721	0.791463543848102	-1.9556436921803	0.0505071421153155	0.498267663906215
leptidea_sinapisG00000001164	1644.37723558732	-1.64499655409572	1.25798442125005	-1.3076446149159	0.190993876935309	0.715618894424883
leptidea_sinapisG00000009921	10.7233349362795	-1.04752983038416	0.807106114448663	-1.29788365077588	0.194327318931189	0.719315217909708
leptidea_sinapisG00000000743	11.2692994517656	-1.17588538683146	1.1528727555085	-1.01996111991805	0.307746900530557	0.790232952891506
leptidea_sinapisG00000000740	16.1706735630897	-1.76491091073615	0.965767684538017	-1.82746942043356	0.0676292199267411	0.549054360417654
leptidea_sinapisG00000011055	91.1050453363725	1.30058508333885	0.453318270932822	2.86903300999219	0.0041172882611757	0.191735686912253
leptidea_sinapisG00000002636	14.5960224276709	-2.05188492185777	0.969055679698158	-2.11740663085211	0.0342253519267534	0.449697530559308
leptidea_sinapisG00000002180	80.3332497038853	1.32230080511114	0.756477735678371	1.74797055187006	0.0804691267672457	0.568393038276577
leptidea_sinapisG00000013477	19.5447490895094	-1.98378401006633	0.801344173533672	-2.4755705171206	0.0133023489513543	0.320842562783342
leptidea_sinapisG00000002986	134.157289268924	1.13467900228457	0.503201122305866	2.25492144589229	0.0241382599329568	0.398572381082218
leptidea_sinapisG00000002984	39.7162959779632	-1.88763555382713	0.897972497754075	-2.10210842597998	0.0355437789517101	0.451082401297485
leptidea_sinapisG00000014841	36.3715018413391	1.48958689234769	1.18380704579812	1.25830210052806	0.208282521802356	0.726693037239967
leptidea_sinapisG00000004678	17.1100821578068	-1.33480479969308	0.413156357751793	-3.23074975042493	0.00123465986332671	0.108769421023921
leptidea_sinapisG00000011053	30.2100889958505	-1.30536490462417	1.16514016605398	-1.12035010263623	0.26256459919495	0.758714839381925
leptidea_sinapisG00000005985	14.2051976379194	2.01855396023115	0.981692138636303	2.0561985583741	0.0397633811915791	0.464427943051252
leptidea_sinapisG00000008337	40.3864366480235	-1.25371632407523	0.310761193702539	-4.03434003177145	5.47559779331809e-05	0.0236792581551621
leptidea_sinapisG00000013864	12.9291381420145	-1.82748359210265	0.529700062861236	-3.45003468987957	0.000560514522236595	0.0722982499696478
leptidea_sinapisG00000001653	1095.6635710418	-1.23906750573445	0.464703865822008	-2.6663593674709	0.0076677679602796	0.256553138520633
leptidea_sinapisG00000004344	13.38325624171	-1.2467524766069	0.341385424675187	-3.65203780387849	0.000260167573312019	0.0445286808168648
leptidea_sinapisG00000004345	49.3602705747792	2.64254481660521	1.18327003961195	2.2332559163518	0.0255320728146123	0.407231985752777
leptidea_sinapisG00000004446	42.6681917026217	1.14473705188421	0.613466843795135	1.86601291245415	0.0620395589604207	0.532255471045016
leptidea_sinapisG00000011005	11.0826560424299	3.87246520334967	1.02724116431263	3.76977221891306	0.000163396604339093	0.0354690189906812
leptidea_sinapisG00000014514	1689.09587727215	2.10197940549095	1.45048946914375	1.44915178648748	0.147295198489176	0.676782274937358
leptidea_sinapisG00000010603	11.9676801659706	-1.20120901248451	0.920544331989408	-1.30488991213334	0.191930336760107	0.716679169211654
leptidea_sinapisG00000000729	35.7746364864077	1.34651201014907	0.730354764017821	1.84364103102669	0.0652354721551066	0.542106164500886
leptidea_sinapisG00000001476	12.6795093135444	-1.87578882003431	0.887423064164657	-2.11374810480051	0.0345367874762893	0.449697530559308
leptidea_sinapisG00000009567	22.5535206193292	-1.21842400705101	0.710823742018775	-1.71410145022818	0.0865100955164231	0.580418199435204
leptidea_sinapisG00000008960	15.0716143277078	-1.69198287339502	0.881975266314059	-1.91840172623676	0.055060092346508	0.506353623224002
leptidea_sinapisG00000009691	272.779516388021	-1.17700535503051	0.833556613856526	-1.41202809199124	0.157941689802587	0.682042866650307
leptidea_sinapisG00000013186	19.7184263212004	-2.07606290074964	0.865312092111477	-2.39920708340475	0.0164306196478959	0.353202452176223
leptidea_sinapisG00000012583	110.316383468694	1.65278607938927	1.24215856231751	1.3305757650663	0.183328641180316	0.708632710087572
leptidea_sinapisG00000012582	685.927591319967	-2.711956000357	1.65313056239178	-1.64049716462401	0.10090183752527	0.610112014565384
leptidea_sinapisG00000010016	60.9244091323408	1.03340752033762	0.602487603151801	1.71523449599882	0.0863022426866566	0.580418199435204
leptidea_sinapisG00000015052	159.372917468397	1.32683722303411	1.07371745739604	1.23574150154169	0.216554665665901	0.732486296086934
leptidea_sinapisG00000015055	14.7255112624644	2.50453511475035	0.975870241833147	2.56646325237425	0.0102741511009116	0.287691964052822
leptidea_sinapisG00000001261	600.88089531186	1.0690895405401	0.571762785732324	1.86981308895576	0.0615097781009078	0.529561174621374
leptidea_sinapisG00000006964	21.4581100654313	1.44139015620843	0.623790482311692	2.3106959741784	0.0208496537719132	0.375631414109366
leptidea_sinapisG00000006962	562.655199026458	1.04179680013336	0.681005243310242	1.52979262695449	0.126068067204649	0.651731573937494
leptidea_sinapisG00000010160	120.988921644175	1.13774050311237	0.683367669711512	1.66490244350113	0.0959322206495977	0.597512423490342
leptidea_sinapisG00000002890	114.2548125881	-1.17542122267186	0.459951787183944	-2.55553137399112	0.0106025802482388	0.287691964052822
leptidea_sinapisG00000012130	161.996275087865	-2.08618597264189	0.847943995760419	-2.46028745185115	0.0138825775157969	0.330104494984052
leptidea_sinapisG00000002216	10.520497526116	-1.10783757624312	1.02074521232809	-1.08532233398027	0.277778917453262	0.768012539712342
leptidea_sinapisG00000006151	375.040709900125	-1.03189366290687	0.686255974118306	-1.50365709272351	0.132669682498728	0.659858090146928
leptidea_sinapisG00000004134	21.121651961617	1.08033628912847	0.899496516911323	1.20104555027974	0.229733532577909	0.744881747010149
leptidea_sinapisG00000010375	77.6983783106052	3.2432824557506	0.964734648236999	3.36183888665917	0.000774252846830123	0.0883258264991924
leptidea_sinapisG00000011687	32.0671267954973	1.38478299307402	0.640325639474554	2.16262305880858	0.0305701832463236	0.433930830769187
leptidea_sinapisG00000007957	50.0523131993461	3.52582081458633	1.20612367750808	2.923266394928	0.00346380028946485	0.180279664188522
leptidea_sinapisG00000015266	11143.4891835537	4.68574891221241	1.88235577922603	2.48930035646027	0.0127994782189572	0.313816408123192
leptidea_sinapisG00000011972	11.3658933517441	-3.18943492908052	0.936179811065595	-3.40686147188987	0.000657144705374693	0.0801176421621201
leptidea_sinapisG00000011097	50.8496183353098	2.17077683453236	0.690455217464843	3.1439791888355	0.00166667292155117	0.128558255755879
leptidea_sinapisG00000011645	21.4877164125517	-1.14116433229499	0.848787277562113	-1.34446446413834	0.178798240196581	0.705413068603887
leptidea_sinapisG00000005940	154.87851649927	1.0071755501221	1.44052178025485	0.699174121438078	0.484443221161617	0.876460617459279
leptidea_sinapisG00000015074	104.083277721183	-2.9116097547256	0.97701337217743	-2.98011249143562	0.00288142547723237	0.164953137643692
leptidea_sinapisG00000001915	18.7353068208522	-2.94179934988404	1.09727870035815	-2.68099558382374	0.00734034846361843	0.250303070215341
leptidea_sinapisG00000005377	36.4505344675855	-1.08810455228021	0.701032039179894	-1.55214668013338	0.120627130769781	0.642478434381239
leptidea_sinapisG00000012152	39.2997158054846	-4.14192607544729	1.12152968001732	-3.69310429250819	0.00022153311523698	0.0410759317835233
leptidea_sinapisG00000009869	23.0258238245539	-1.38424909872356	0.565155098819264	-2.44932603742861	0.0143123828254742	0.332773878122879
leptidea_sinapisG00000000890	33.8268741098577	-1.1988896491456	0.414476675352751	-2.89253827884345	0.00382142612777212	0.187753699761759
leptidea_sinapisG00000000093	41.1869251906689	-2.02295587134417	1.10244532768114	-1.83497160407873	0.0665098969529424	0.546068342141317
leptidea_sinapisG00000001506	11.9723411480986	-1.89304096831918	0.9609534760746	-1.96996110160511	0.048842828782078	0.496234219361295
leptidea_sinapisG00000007262	49.2080189265285	-2.07455159746927	1.16781286200221	-1.77644181269974	0.0756601245425476	0.563572010020454
leptidea_sinapisG00000006380	57.9103616500271	-5.20409136842953	1.20473158215782	-4.31971025372171	1.56234194731226e-05	0.0139048433310791
leptidea_sinapisG00000011355	18.5241921743015	-1.0078131606459	0.513484254047519	-1.96269535570342	0.0496815831050577	0.498267663906215
leptidea_sinapisG00000000270	10.5096076969714	-1.32128054269942	1.01507779137311	-1.30165446818821	0.193034531030158	0.717310606735351
leptidea_sinapisG00000014011	1424.83620453499	-2.84516121649618	1.23071053963686	-2.31180373033589	0.0207885017639549	0.375289382756994
leptidea_sinapisG00000006723	73.0658219884921	-1.28354593511673	1.13216422348762	-1.13371002941851	0.256916201226113	0.75619223707253
leptidea_sinapisG00000009384	43.4471754955471	1.81661523950101	1.06560482143332	1.70477385514973	0.0882366094197563	0.580418199435204
leptidea_sinapisG00000015403	2101.6461213076	-1.17982055367255	0.739648090835446	-1.59511065909724	0.110687492301203	0.629145694057849
leptidea_sinapisG00000012367	40.5327377538446	-1.31682971755934	0.907290032418267	-1.45138783686347	0.146671894728427	0.675368211204721
leptidea_sinapisG00000007185	20.9402212141616	-2.72031192221007	1.09561491340958	-2.48290881122125	0.0130314442178461	0.317753023394055
leptidea_sinapisG00000005961	21.5068330882102	-1.93105343454478	0.878514162185461	-2.19809027294555	0.0279426735541517	0.418962512682571
leptidea_sinapisG00000001604	190.554545054433	-1.12508500613038	1.23349756035519	-0.912109632228544	0.361711008277002	0.815938776288396
leptidea_sinapisG00000010120	43.9199938672161	1.15031691797324	0.418321710138961	2.74983795985898	0.00596247417111084	0.229723030835006
leptidea_sinapisG00000005038	15.5349477433796	-1.42500841343521	0.605147790353683	-2.3548105704928	0.0185321502307018	0.368546859018503
leptidea_sinapisG00000012172	502.50698996875	-1.31509206910498	0.403854204938911	-3.25635353803957	0.00112853136405405	0.104624261875844
leptidea_sinapisG00000010146	584.001361494835	-1.43211759638276	1.12253916505946	-1.27578408037719	0.202031856619626	0.72551211870952
leptidea_sinapisG00000012248	121.018742785853	1.35426423447239	0.598475017263727	2.26285842417314	0.0236444180163155	0.39383791249664
leptidea_sinapisG00000006743	2723.47881534206	1.2059523788242	0.637842053804091	1.89067555460148	0.0586676675966207	0.520061993635383
leptidea_sinapisG00000010926	155.773516759449	-1.12410040864366	0.5481778241103	-2.05061270121258	0.0403046784906861	0.468231262851706
leptidea_sinapisG00000008676	5211.74172521339	-2.57515648277613	1.38569570375561	-1.85838526871142	0.0631143227276569	0.533444892949806
leptidea_sinapisG00000008675	29.9038900861926	-1.10845800364407	0.45344287654305	-2.4445372526187	0.0145038101328012	0.334414275082722
leptidea_sinapisG00000014164	128.181944216609	1.75949638959919	0.771160761036832	2.2816207443355	0.0225117409048988	0.386784737555211
leptidea_sinapisG00000012698	10.6748572400693	1.56932655919238	1.01461302786621	1.54672423484721	0.121929756628427	0.644403108071852
leptidea_sinapisG00000012439	57.4669239655718	2.10318018770876	1.25562488959894	1.67500676765059	0.093932903833559	0.591683940433519
leptidea_sinapisG00000009103	20.7700584393068	-1.04178763836346	0.666725112959993	-1.56254447014654	0.11815977822234	0.639514409913808
leptidea_sinapisG00000009100	28.1740885885363	1.2130898620324	0.410031984614812	2.95852496280745	0.00309115204418711	0.17068026969626
leptidea_sinapisG00000003760	42.3952639418587	1.37181735268488	0.983159071156891	1.39531576621742	0.162920639746488	0.688001402944467
leptidea_sinapisG00000006907	20.988963020197	-2.41347181709189	0.774006125243267	-3.11815596592772	0.00181986470539783	0.13496599719879
leptidea_sinapisG00000014343	10.5080508854205	-1.214112239101	0.851114796307623	-1.42649645425994	0.153725089670914	0.680436773700661
leptidea_sinapisG00000003119	66.1190368021011	2.05892403835548	0.960662998791816	2.14323237279348	0.0320944440427593	0.436906764912031
leptidea_sinapisG00000015168	68.1477589886291	2.90750537828398	1.20909648848421	2.40469259978497	0.0161860745800047	0.3505013716838
leptidea_sinapisG00000001831	42.1858609764236	-1.36493015256523	0.725999257283049	-1.88007100403008	0.0600984016326201	0.525633962186043
leptidea_sinapisG00000000426	11.3231646801458	2.20246020173799	0.763600531634592	2.88430941374978	0.00392273121125313	0.187842654612489
leptidea_sinapisG00000015282	12.2084767577972	-1.24094106383314	1.12046564773808	-1.10752263252181	0.268068032623069	0.760530036008056
leptidea_sinapisG00000001018	354.123234867548	1.44179983144227	0.51447591832432	2.80246320593256	0.00507140008989294	0.20799751520759
leptidea_sinapisG00000010908	19.6196781892782	-1.19795097934132	0.932325861890543	-1.28490587712772	0.198825176958896	0.723686104433539
leptidea_sinapisG00000002168	20.3837311309793	1.04908109214676	0.836199155212226	1.25458281751134	0.209630244216054	0.726693037239967
leptidea_sinapisG00000002165	50.0873527908454	-1.29401949449444	0.55661356959658	-2.32480766761097	0.0200822468285965	0.373135692639893
leptidea_sinapisG00000003564	440.669517955063	-2.30301277323274	1.17141702807806	-1.96600588691397	0.049297930598091	0.497450773608855
leptidea_sinapisG00000004780	29.1548998434007	-1.0539167565986	0.310620213723099	-3.39294324720962	0.000691459625076633	0.0813658134812492
leptidea_sinapisG00000004253	520.911542380299	1.21461844640911	0.402440527325593	3.01813153481539	0.00254338484815193	0.15649533975892
leptidea_sinapisG00000006528	76.9695444374547	-1.74686920999694	1.09485468659916	-1.59552608339566	0.110594641983507	0.629145694057849
leptidea_sinapisG00000014966	20.396975067331	1.29762958035672	0.597423219915472	2.17204410056295	0.0298523366810018	0.429912292007954
leptidea_sinapisG00000012068	36.5757922120549	-3.49445516642457	0.93095268491462	-3.75363348003562	0.000174289654587373	0.0369328077578005
leptidea_sinapisG00000014023	38.1533914536017	-2.01133984048588	0.954352533326304	-2.10754387948817	0.0350704623363302	0.45105074392101
leptidea_sinapisG00000001787	16.5376593494756	2.80826459725468	0.886876466613626	3.16646647303375	0.00154303132245897	0.121530785574202
leptidea_sinapisG00000003648	11.0604917953257	-2.03561522937454	1.04564432010538	-1.94675683713311	0.0515638939243919	0.502461173249555
leptidea_sinapisG00000010730	9329.81856185535	-1.15484453449067	0.713646006295624	-1.61823162226495	0.105612690372796	0.619687884996438
leptidea_sinapisG00000008458	61.7906970501872	-1.12837285734208	0.343914199824283	-3.28097199219632	0.00103450016296009	0.0990005532295139
leptidea_sinapisG00000008390	10.4791294754118	1.2897705307737	0.555534333062021	2.3216756445361	0.0202504073441565	0.374510596967541
leptidea_sinapisG00000009908	298.581422119238	1.08741070902512	0.368932348370377	2.94745286995937	0.00320403588973757	0.173877557430881
leptidea_sinapisG00000014187	46.9750827532002	-5.10277044688622	1.15289630061986	-4.42604460101284	9.59766881310382e-06	0.010677406554578
leptidea_sinapisG00000012473	28.8841490666381	1.23988503071429	0.437334755030867	2.83509375015663	0.00458122396740023	0.196924753250859
leptidea_sinapisG00000005694	20.2296327661687	-3.13411577618543	0.999839601972505	-3.13461856281986	0.00172077700754538	0.128696767791209
leptidea_sinapisG00000004094	31.9747372307556	-1.03039793472945	0.393548804992199	-2.61822148017925	0.00883894148406318	0.271316556402829
leptidea_sinapisG00000005601	12.6759094052238	-1.1113791254663	0.739631780756763	-1.50261137282281	0.132939288940154	0.659858090146928
leptidea_sinapisG00000015122	29.8810241298382	-1.93870097371377	1.14927454566495	-1.68689107491898	0.0916242985577052	0.58623742427288
leptidea_sinapisG00000006509	10.1924378573784	-1.11701750530594	0.381880814783017	-2.92504221753225	0.00344409495331242	0.180279664188522
leptidea_sinapisG00000002940	11.5603028853509	-1.27347123264171	0.735800214940391	-1.73072962848329	0.0834999982244303	0.57430447001347
leptidea_sinapisG00000005738	12.6255047158856	1.77226652505308	0.848627918157341	2.08839055036189	0.0367626192007191	0.456511895762876
leptidea_sinapisG00000005734	104.672522660645	-2.01900412199382	1.05994509780592	-1.90481952902387	0.0568035344158016	0.513620457394253
leptidea_sinapisG00000012046	35.0670482615263	1.0041127477714	0.190868004737698	5.2607703902564	1.43453080407609e-07	0.000432728152152761
leptidea_sinapisG00000000904	203.694868117201	2.47703781176213	0.967610164078751	2.55995431189015	0.0104685924983994	0.287691964052822
leptidea_sinapisG00000007313	20.3721258706784	2.97809990947261	0.981261182776713	3.03497168923504	0.00240558266621604	0.15649533975892
leptidea_sinapisG00000001768	21.0502464858443	-4.13371969819611	1.1508593719794	-3.59185474684575	0.000328332847132171	0.0512660059557249
leptidea_sinapisG00000015572	27.2919854844744	-1.79270271512	0.852231959314026	-2.1035384739185	0.0354187257882912	0.451082401297485
leptidea_sinapisG00000011404	6295.03580465597	-1.19123618325963	1.01274087924235	-1.17624972752241	0.239495098407501	0.751359964707684
leptidea_sinapisG00000014194	74.9978466039783	-1.31841318735001	0.420223527838669	-3.13740925961711	0.00170448024485322	0.128558255755879
leptidea_sinapisG00000001900	11.2395328227772	-1.29720797387709	1.01249034084616	-1.28120528319606	0.20012157091996	0.724919310744381
leptidea_sinapisG00000008462	587.768277701363	-1.95499067670985	1.12900572232815	-1.73160386882576	0.0833441169144254	0.573752445915229
leptidea_sinapisG00000005504	49.2256318366471	-1.29028053232086	1.20301912280048	-1.07253534700034	0.28347964641902	0.77230326735083
leptidea_sinapisG00000012907	12.2601268434472	1.85351045047049	0.876482947291942	2.11471364753559	0.0344543604768547	0.449697530559308
leptidea_sinapisG00000009168	107.215770570079	1.11638706429757	1.08185522221399	1.03191909728264	0.302110018817946	0.786320222686206
leptidea_sinapisG00000003219	69.0269334830237	3.23070614841953	0.950921420348644	3.39744807434776	0.000680174950652205	0.0813658134812492
leptidea_sinapisG00000007017	81.8471333427244	1.01825384246447	1.01973009966697	0.998552305945476	0.318011614147866	0.799069273268212
leptidea_sinapisG00000011832	19.1371012775404	1.59319076839083	0.849834422417506	1.87470726810372	0.0608330064579489	0.527693720736594
leptidea_sinapisG00000003862	11.9341065272983	-1.11308007174891	0.419214971359362	-2.65515343628973	0.00792723420825911	0.257182969485833
leptidea_sinapisG00000013880	13.8763101416199	-1.14606652470518	0.695760236569611	-1.64721475081095	0.0995139129294993	0.6078749657327
leptidea_sinapisG00000013886	53.5781921603454	1.48911082067428	1.0988937624274	1.3550998937194	0.175385732565575	0.702806402446473
leptidea_sinapisG00000002532	84.4860718546994	-2.62226093945202	1.11379752937016	-2.35434257152184	0.0185555016874942	0.368546859018503
