baseMean	log2FoldChange	lfcSE	stat	pvalue	padj
leptidea_sinapisG00000003005	10.9107797900458	1.2561215048621	0.854414651890076	1.4701544526225	0.141519927382496	0.880537446757795
leptidea_sinapisG00000001747	805.671672826916	-3.36380093050621	1.00406478936605	-3.35018314169752	0.00080758145873176	0.0770495223792519
leptidea_sinapisG00000010518	23.9816269494574	-1.47654779199323	1.05380128213431	-1.40116340435904	0.161165214940293	0.906815111382065
leptidea_sinapisG00000013529	13.3376153454509	-1.05512389976056	0.385213641865925	-2.73906161435424	0.00616148250777328	0.299448049877781
leptidea_sinapisG00000014808	60.0840397963917	-2.99349345813529	0.759970573597243	-3.93895969414434	8.18356753128191e-05	0.0164415958657834
leptidea_sinapisG00000005091	21.609709521193	-3.69467629808462	0.768833406348982	-4.8055616048603	1.54317710505799e-06	0.00104462067318818
leptidea_sinapisG00000013202	22.3888811037041	-1.09858575485407	0.422449875294274	-2.60051149047874	0.00930849016446356	0.383628477026597
leptidea_sinapisG00000009640	31.3580154516258	-1.69193997528392	0.682032802196915	-2.48073108776288	0.0131113245655219	0.44044450188416
leptidea_sinapisG00000012885	12.4339660886964	1.44252033164639	0.809237506719722	1.78256731758975	0.0746567639382819	0.773333714312654
leptidea_sinapisG00000011359	562.68412248502	-1.02970587063534	1.12753857997418	-0.913233381920219	0.361119810677013	0.972823602094429
leptidea_sinapisG00000008516	15.4027192263266	-1.45836495226052	0.76938293244552	-1.89549948505491	0.0580262598946645	0.75330803427635
leptidea_sinapisG00000011566	178.79962168309	-6.19032624004156	1.61629217170092	-3.82995497251411	0.000128166709042489	0.0202373483394624
leptidea_sinapisG00000000627	13.2024831992241	-1.94527777297426	0.737586919312512	-2.63735394709468	0.00835555979533647	0.363236881561485
leptidea_sinapisG00000008281	21.0219481118422	1.01576793880634	0.492223854701148	2.06363005186545	0.0390528060050038	0.70956169834494
leptidea_sinapisG00000003421	39.617666521147	-1.17713947865167	0.525064993257313	-2.24189289662813	0.0249682952501323	0.624769208359855
leptidea_sinapisG00000002069	22.7344642670331	-2.94599490984557	0.733630458585269	-4.01563876658913	5.92850033080643e-05	0.012213999485881
leptidea_sinapisG00000002060	65.8622213494043	-1.44137794977377	1.39656405474129	-1.03208867855387	0.30203057699847	0.965703838181204
leptidea_sinapisG00000001709	35.6782490383081	-1.28973301925957	0.757604494851328	-1.7023830085811	0.0886835931331838	0.793568260714561
leptidea_sinapisG00000011174	168.751542201803	1.11031739155084	0.917461082925943	1.21020652779063	0.226199653882064	0.927858161300502
leptidea_sinapisG00000015083	11.1494239387641	-1.18946884938785	0.584215731313264	-2.03600962047706	0.041749389235364	0.713549043668992
leptidea_sinapisG00000015332	34.3439040192551	-6.03963260479326	1.22876795218614	-4.91519378744208	8.86946818600524e-07	0.000646584230759782
leptidea_sinapisG00000004762	11.0968775160454	-1.05690435601482	0.562439128564435	-1.87914443063814	0.0602247748294975	0.75696311811558
leptidea_sinapisG00000010050	43.5225964758442	1.36326319408275	0.680017172322067	2.00474818809	0.0449899740769278	0.713642349338166
leptidea_sinapisG00000014217	11.644703704098	-1.64780804170639	0.527349843451459	-3.12469618066373	0.00177988791111617	0.141747880114688
leptidea_sinapisG00000007216	12.7876215845664	-2.65445913126231	0.804815462189849	-3.29822084188057	0.000972995755480278	0.0886642382181403
leptidea_sinapisG00000009600	13.8685396637585	-1.00306395304131	0.378085093092939	-2.65301111142921	0.00797772446322696	0.348409653170516
leptidea_sinapisG00000011152	5613.42788797643	1.11908387080968	0.652877386186982	1.71407969472722	0.0865140904303976	0.788746826682474
leptidea_sinapisG00000010887	35.4773251743191	-3.3057274864726	0.749122026255099	-4.41280241484569	1.02041114740642e-05	0.00358164312739652
leptidea_sinapisG00000013584	175.15115518478	-1.3620538884653	0.930503013452637	-1.46378235080765	0.1432534262293	0.882008888396485
leptidea_sinapisG00000001265	10.5461603816579	-1.05440535624298	0.409408025082303	-2.57543890604249	0.0100112957735034	0.398643067418031
leptidea_sinapisG00000003167	4469.0550352451	-1.29388574271652	1.0705344231491	-1.20863534580272	0.226802970824141	0.927858161300502
leptidea_sinapisG00000004746	22.1872459306955	-1.24003071373688	0.526793581141126	-2.35392145639049	0.0185765358137552	0.54285655991899
leptidea_sinapisG00000008576	19.9923022349662	-1.09942176752567	0.64027067056693	-1.71712030249985	0.085957193366725	0.78783009819773
leptidea_sinapisG00000015187	10.1100354981029	-1.8951832909041	0.861191467200377	-2.20065265749218	0.0277606227405767	0.641743939412068
leptidea_sinapisG00000000931	17.3725719384947	-1.20203939104501	0.543407017422497	-2.21204245161675	0.0269637318493221	0.632349825899513
leptidea_sinapisG00000011650	1274.38570680716	-5.72828059773857	1.2865693105274	-4.4523684428555	8.49282746564783e-06	0.00309563561122864
leptidea_sinapisG00000002688	15.3490212997727	-1.88822905842434	0.727921303551709	-2.59400164442393	0.00948660331788821	0.384207434374472
leptidea_sinapisG00000006268	18.4489229873097	-3.25538787489847	0.781279445859981	-4.16673943254088	3.08987335901276e-05	0.00791425130361187
leptidea_sinapisG00000004174	194.604609225064	-1.84878613911703	1.41800391988537	-1.30379480140399	0.192303555600253	0.925666510667213
leptidea_sinapisG00000010268	399.139136888622	-2.77166015983079	1.36510553069145	-2.03036329244589	0.0423196250206969	0.713549043668992
leptidea_sinapisG00000003967	1911.970943533	-5.22064676928369	0.955932326856748	-5.46131417738531	4.72622781031624e-08	5.58794127445415e-05
leptidea_sinapisG00000008059	748.540950099298	-3.7418297201433	0.659091054138841	-5.67725763632511	1.36871249831836e-08	4.32376278218771e-05
leptidea_sinapisG00000009905	18.4686074585821	-3.28559489934291	0.878638871650278	-3.73941445724093	0.000184449401401799	0.0257062790747772
leptidea_sinapisG00000005471	12.945238273125	1.21132330050236	0.805552168353082	1.50371800622033	0.132653990902496	0.869791056197924
leptidea_sinapisG00000011500	18.884041440574	-1.51682638199971	0.78841401349132	-1.92389576547831	0.0543676501326148	0.739580057186843
leptidea_sinapisG00000011509	58.7189035930561	-3.42501717055139	0.876838955558305	-3.90609603832051	9.37992444718597e-05	0.0167723667898078
leptidea_sinapisG00000006897	106.342041387119	-3.81490825626143	0.804099513530534	-4.74432354710853	2.09204245169496e-06	0.00120550540737446
leptidea_sinapisG00000009021	18.6872405109698	-1.24111124342982	0.495391607690946	-2.50531342106242	0.0122342927443108	0.429423675325309
leptidea_sinapisG00000006054	40.0301238338016	-1.92173994782897	1.076887850803	-1.78453118065729	0.074337392821815	0.773333714312654
leptidea_sinapisG00000006243	71.9481400293098	-1.29230079013375	0.80730983513967	-1.60074946926686	0.109432419549053	0.822157550044079
leptidea_sinapisG00000000141	21.1111388350771	-2.28259711996931	0.614285904299388	-3.71585462728903	0.000202518001649255	0.0274180443089998
leptidea_sinapisG00000001815	25.4276328603213	-2.17544967668584	0.717345114571889	-3.03264026267768	0.00242424405785038	0.166644124856812
leptidea_sinapisG00000011265	80.2301805062939	-1.24375582950684	0.546866904413351	-2.27433004167819	0.0229461502089629	0.609133516891713
leptidea_sinapisG00000003120	21.7129891787684	-2.49173927159305	0.763758381418255	-3.26247060878865	0.00110445624880512	0.0969160358326494
leptidea_sinapisG00000007695	17.7581143983936	-1.41665849273411	0.633604295159538	-2.23587261569526	0.0253601165675165	0.627094724268849
leptidea_sinapisG00000014247	164.803695268314	-2.05860003767191	1.10334495600202	-1.86578098397373	0.0620720138785637	0.758962168389933
leptidea_sinapisG00000002427	52.071919519632	1.88876822459874	1.13489098645724	1.66427282191645	0.096057921095482	0.81007856256111
leptidea_sinapisG00000002429	10.4816597702056	-1.53364453512296	0.687795405406831	-2.22979758670503	0.0257608836920502	0.627094724268849
leptidea_sinapisG00000004041	10.871168529558	-2.40255818471101	0.82581562080402	-2.90931549874519	0.00362221115776022	0.213215497776979
leptidea_sinapisG00000005996	1910.33801067228	-4.04203797441226	0.765758087469187	-5.27847898775853	1.30260599690275e-07	0.000112225427569522
leptidea_sinapisG00000000165	1022.86691860572	-10.9407662936206	1.48481320277261	-7.36844626192085	1.72628090498982e-13	1.63599641365886e-09
leptidea_sinapisG00000007178	10.028526357562	-3.15113085176326	0.756134245925941	-4.16742247655305	3.08063229892138e-05	0.00791425130361187
leptidea_sinapisG00000015004	82.6302540732574	-1.73686320398441	0.628769085408213	-2.76232283725717	0.00573916989987846	0.288335863249374
leptidea_sinapisG00000015008	30.9749733068535	2.20114960826123	0.598231792662834	3.67942599383347	0.000233759511532296	0.029149195931468
leptidea_sinapisG00000001698	15.3681206124194	-1.07207157071463	0.980437827102115	-1.0934620646812	0.27419097617818	0.952225325194782
leptidea_sinapisG00000001359	10.5483619199673	-1.76196796341387	0.6606121406758	-2.66717466259611	0.00764919074537051	0.340335120628527
leptidea_sinapisG00000006431	99.8948397639708	1.37018130038704	0.662397337018738	2.06851873311241	0.0385912709236052	0.7093022772082
leptidea_sinapisG00000014991	10.4898654747511	-1.16780296008678	0.634960819505826	-1.83917325953379	0.0658897064355447	0.761992792188984
leptidea_sinapisG00000001896	14.8436057085996	-3.78381239560465	0.932656288993881	-4.05702769633012	4.97011900662906e-05	0.0109479989170276
leptidea_sinapisG00000011905	17.0033898631891	-1.46683110897572	0.881546407158711	-1.66392954138787	0.0961265106505838	0.81007856256111
leptidea_sinapisG00000005659	16.7515042776067	-1.2493660115801	0.571897771158532	-2.18459674890703	0.0289184265219161	0.653289562517203
leptidea_sinapisG00000002195	12.9462755957425	-1.63014162549755	0.653260052891414	-2.49539462620182	0.0125817118195581	0.433588665141643
leptidea_sinapisG00000002623	10.4581934194439	-1.20138284910143	0.407408541677818	-2.94884060150977	0.00318968444821495	0.197572807292373
leptidea_sinapisG00000014858	21.3293783815641	-2.85798337235383	0.710474264126634	-4.02264165876166	5.75490198339616e-05	0.0121198235770323
leptidea_sinapisG00000007483	54.0390242090917	1.23580984343563	0.42845283864297	2.88435443058281	0.00392217043886637	0.228713365154445
leptidea_sinapisG00000007486	20.9642304262343	-1.40769165895216	0.950109072416459	-1.48161058537406	0.138443940818746	0.878479500963222
leptidea_sinapisG00000001416	75.2239250460897	-3.98538953793579	0.730111895202217	-5.45860102283633	4.79900784937015e-08	5.58794127445415e-05
leptidea_sinapisG00000015592	234.833859238356	1.48800751717824	1.59530606803942	0.932741087738076	0.350953665100645	0.972823602094429
leptidea_sinapisG00000006142	738.203002218258	-1.94247467990507	1.64495864725244	-1.18086535679761	0.237656215511432	0.936599618092641
leptidea_sinapisG00000010611	21.4481239091526	-1.04814726570921	0.812124790438597	-1.29062340917231	0.196834294658433	0.926215794676251
leptidea_sinapisG00000003348	15.0350404136167	-4.1358896005307	0.948187717433584	-4.36188902733852	1.28944271992472e-05	0.00436430309168806
leptidea_sinapisG00000015278	12.9526650325474	-1.26463035168694	0.728208087744769	-1.73663321373353	0.0824519330630527	0.781629024717999
leptidea_sinapisG00000009514	617.960736054011	-1.94637573870919	1.51718189362022	-1.28288885261137	0.199531018826079	0.926264010761429
leptidea_sinapisG00000008977	2509.38439470162	-2.31160906285219	1.44117008303094	-1.60398074458402	0.108718297035877	0.821388136377372
leptidea_sinapisG00000001483	134.157296052111	-1.33197576427232	1.36927392431253	-0.972760629281001	0.330672284318706	0.968983940216675
leptidea_sinapisG00000010408	61.5392420300172	-1.22626200489181	0.881464986350129	-1.39116360136933	0.164175821974358	0.908271622005575
leptidea_sinapisG00000013834	46.5292935043606	-1.43112435715908	0.532987613645916	-2.68509871621487	0.00725083867852969	0.330775565434894
leptidea_sinapisG00000005383	311.154364163471	1.02903446889701	0.291723175649289	3.52743475593491	0.000419607159348302	0.0467837299899277
leptidea_sinapisG00000009725	392.394057450574	-1.10835327246603	0.717631894811768	-1.54445932584525	0.122477097530614	0.850079390851143
leptidea_sinapisG00000006123	24.1790010952188	-4.00426219534018	0.920189785366799	-4.35156123119105	1.35171559964052e-05	0.00441731335785971
leptidea_sinapisG00000000535	111.831970736046	-2.55096322197113	1.29596431984126	-1.96839001114134	0.0490231803277218	0.722007737962733
leptidea_sinapisG00000003388	39.5838461111538	1.2010971402485	0.406454460465016	2.95505956282126	0.00312608691939711	0.195995740023903
leptidea_sinapisG00000000719	41.1254831734837	-1.1842906171668	0.656364281099205	-1.80431911252618	0.071181295271285	0.767073247912238
leptidea_sinapisG00000000248	70.7999221765021	1.16912306336521	0.665487724037898	1.75679132932981	0.0789533835458913	0.781045110505649
leptidea_sinapisG00000002388	21.2423703564019	-2.53247461007815	0.727811667284854	-3.47957407652683	0.000502211508245229	0.0540847552686368
leptidea_sinapisG00000011411	565.388127551739	1.15614172818021	0.4348728827755	2.65857397408029	0.00784721215251072	0.344296433191408
leptidea_sinapisG00000009657	228.335745279787	-1.35426800914988	0.443674861429309	-3.05238841972493	0.00227028118227445	0.162995869427386
leptidea_sinapisG00000015256	122.941427068601	-4.00412603463164	0.884153647226592	-4.52876719695922	5.93288223102403e-06	0.00255572385924612
leptidea_sinapisG00000013546	22.3705073701764	1.22393691335557	1.38523175425348	0.883561115024517	0.376933177722716	0.976763805145424
leptidea_sinapisG00000002959	1077.86435644025	-1.05833470810526	0.343664401183027	-3.07955873364265	0.00207307490401433	0.152298688878634
leptidea_sinapisG00000010951	53.6052498759921	1.4422697005396	0.797752341641279	1.80791659924471	0.0706194818751664	0.767073247912238
leptidea_sinapisG00000014265	64.1762310445832	-1.11408057978623	1.43583722274676	-0.77591008377328	0.437802078274902	0.987189659787304
leptidea_sinapisG00000004621	10.9514508351556	1.55560465286669	0.770821421977005	2.01811289685861	0.0435795048129527	0.713549043668992
leptidea_sinapisG00000014280	27.124334155167	-1.17041229905119	0.619376615301098	-1.88966175043954	0.0588032127772835	0.754453412087155
leptidea_sinapisG00000000506	59.927966758358	1.03078697121318	0.550729878033094	1.87167432225502	0.0612516740986479	0.758962168389933
leptidea_sinapisG00000013810	15.0838657640222	1.15002152384708	0.568091126499825	2.02436100513082	0.0429330209220258	0.713549043668992
leptidea_sinapisG00000012140	420.420772954253	-1.25085018279991	1.34261947258125	-0.931649069855275	0.35151791505835	0.972823602094429
leptidea_sinapisG00000014262	1003.1764749542	1.42069591480138	0.664473180213707	2.13807864200697	0.0325103610619596	0.680133977448546
leptidea_sinapisG00000011937	13.551391176106	1.09580243936099	0.718050691232722	1.52607949931747	0.12699006694028	0.861323992175077
leptidea_sinapisG00000005641	17.2736786215453	-1.13655823112611	0.433451652868946	-2.62211073277358	0.00873870327797493	0.371889781850893
leptidea_sinapisG00000009116	32.1227086464569	-2.51527679617903	0.824962777825884	-3.04895792123837	0.00229636643656281	0.163629058039893
leptidea_sinapisG00000005910	13.4619025756743	-3.62410780230698	0.967053297229454	-3.74757814557876	0.00017855021847882	0.0256381881897541
leptidea_sinapisG00000001611	359.916644420932	-2.05838434699394	0.961497500787441	-2.1408109176656	0.0322892891830389	0.680133977448546
leptidea_sinapisG00000005004	18.4994785873052	1.33135782932799	0.630353470168309	2.11208138343794	0.0346794694809092	0.689101709367036
leptidea_sinapisG00000009278	113.553796710305	-1.3975258441191	0.433741945517702	-3.22202143131684	0.00127289613608611	0.108677807943135
leptidea_sinapisG00000001006	100.275935720493	-3.57199683038697	0.919477743052736	-3.88481054313253	0.000102409716900865	0.0176461252194453
leptidea_sinapisG00000000235	134.566997777768	1.46980862407831	0.56927512268793	2.58189505478187	0.00982594594399162	0.392913458697083
leptidea_sinapisG00000010583	13.9209432126329	-1.88740552636712	0.76155537024355	-2.4783562694378	0.0131989277762057	0.44044450188416
leptidea_sinapisG00000004057	243.668509695327	1.03159716432659	0.425057352873662	2.4269599322358	0.0152259373186751	0.482596013274527
leptidea_sinapisG00000001482	51.7774621156543	-1.63703261438249	0.597369555968795	-2.74040181329229	0.00613641136371822	0.299448049877781
leptidea_sinapisG00000006914	2323.9058124916	-2.56652361022922	1.40090399747135	-1.83204817379479	0.0669442437091469	0.763280469176924
leptidea_sinapisG00000005328	11.3546298741165	-1.26608150083266	0.547770831282996	-2.31133428165065	0.0208143978554185	0.578425373645907
leptidea_sinapisG00000005498	174.004468135132	-3.06582332889571	1.01035460721244	-3.0344032748604	0.00241012025327781	0.166644124856812
leptidea_sinapisG00000005283	412.620706374604	-2.48508105021052	0.71837144816753	-3.45932603049527	0.000541528976990224	0.0576637091565882
leptidea_sinapisG00000006678	51.7916613769025	-6.65469124719269	1.04929564868289	-6.34205550699262	2.2671959427642e-10	1.07431079747882e-06
leptidea_sinapisG00000007610	30.9044083557984	-2.43265166938388	0.742728691086463	-3.275289750589	0.00105553651176884	0.0943709388871065
leptidea_sinapisG00000009839	78.2536930792175	-1.47016294774187	1.63553417037324	-0.898888555416955	0.368712024517339	0.973338677105954
leptidea_sinapisG00000014031	14.463819274221	1.40783085467092	0.757067561967741	1.85958417107681	0.0629443805204382	0.758962168389933
leptidea_sinapisG00000014595	22.0632066841632	-2.58855277568986	0.951556085357658	-2.72033652616168	0.00652155086869104	0.310576570766759
leptidea_sinapisG00000009665	34.1245263910033	-1.83542769102849	0.910837670161324	-2.01509857481346	0.0438943215507333	0.713549043668992
leptidea_sinapisG00000006083	46.2705683540578	-1.05949007765042	0.661133647458492	-1.60253540524412	0.109037264775174	0.822073316049583
leptidea_sinapisG00000004023	10.0827422701589	1.10594626456268	0.378623152089494	2.92096840475637	0.00348945213291327	0.209300872554551
leptidea_sinapisG00000011289	12.5106929812006	-1.21216978056203	0.612081139682863	-1.98040701138102	0.0476578127512361	0.719826765024602
leptidea_sinapisG00000005301	13.136905832783	-1.5985423297408	0.921601589068422	-1.73452644689627	0.0828247174093814	0.781629024717999
leptidea_sinapisG00000003413	38.6010686631353	1.21610433433273	0.45718113297359	2.66000551340115	0.00781393723824695	0.344296433191408
leptidea_sinapisG00000015174	11.0850509257441	1.10410051417725	0.811757345340638	1.36013615462135	0.173786841810346	0.918366146752918
leptidea_sinapisG00000008141	71.1920609522554	-1.34552963196721	0.97960776991202	-1.37353915852265	0.16958479639687	0.9180446452692
leptidea_sinapisG00000014954	165.946504266556	-3.6480455510213	0.969851866258415	-3.76144613207279	0.000168933806472387	0.0250154013115439
leptidea_sinapisG00000009564	105.871654249315	-2.38276153378108	0.86904693942625	-2.74180993647385	0.00611016856815499	0.299448049877781
leptidea_sinapisG00000014276	39.2279193945917	-2.17057475880916	0.808748369145779	-2.68386910146326	0.00727755937193611	0.330775565434894
leptidea_sinapisG00000005511	46.0426136569272	1.5413289342186	0.540114591743441	2.85370726468125	0.00432123295491396	0.248195907355877
leptidea_sinapisG00000010222	766.20905175708	-4.24269586054637	0.895533658253034	-4.73761742112834	2.16245562154329e-06	0.00120550540737446
leptidea_sinapisG00000003202	151.275994816632	-4.21387805526644	0.749491386314691	-5.62231685675057	1.8841327100679e-08	4.46398142332838e-05
leptidea_sinapisG00000012449	12.4722288383232	1.16178150881507	0.601445482226234	1.93164890775265	0.0534028549288957	0.739494141864763
leptidea_sinapisG00000009177	68.6272630422577	-1.43912535977243	0.731586706184001	-1.96712890981712	0.0491683511125231	0.722007737962733
leptidea_sinapisG00000014721	65.2280410802757	-4.41733785949542	1.12264074230932	-3.93477422742451	8.32749394911472e-05	0.0164415958657834
leptidea_sinapisG00000014723	54.5231601060667	1.90508851007216	0.629648051362075	3.025640285793	0.00248107279107932	0.167796460400934
leptidea_sinapisG00000000589	19.1939805950962	-2.52482856972203	1.00926751168814	-2.50164454961887	0.0123617967105396	0.429488298083523
leptidea_sinapisG00000004788	13.1286609038609	1.41590288467896	0.560337386106117	2.52687562848218	0.0115082248813169	0.419474796924001
leptidea_sinapisG00000009784	23.1449623669526	-2.41921026966501	0.805115982842768	-3.00479722328088	0.00265757960433078	0.173695737312019
leptidea_sinapisG00000009786	21.953582274068	-1.248654863558	0.591315662248881	-2.1116553192742	0.0347160239941853	0.689101709367036
leptidea_sinapisG00000007582	61.8268966668258	-1.05087556088732	0.705925644332355	-1.48864907986337	0.136579800256351	0.873867928931108
leptidea_sinapisG00000009486	134.203690000243	-4.59417245284426	1.02660590245026	-4.47510816164125	7.63726405011189e-06	0.00289513405611642
leptidea_sinapisG00000012815	60.5200728238567	-1.94738952435613	0.659385205711968	-2.95334124497598	0.00314354252227848	0.195995740023903
leptidea_sinapisG00000001538	11.3694782567859	-1.82345114030481	0.788275315428296	-2.31321608658273	0.0207107615516762	0.578425373645907
leptidea_sinapisG00000014459	61.0900724406649	-1.0101857703228	0.665655719811427	-1.51757994449288	0.129120325891834	0.865427695331571
leptidea_sinapisG00000009995	139.726718799366	-2.02542823125187	0.733401477779135	-2.76169096002535	0.00575028787107014	0.288335863249374
leptidea_sinapisG00000003265	24.2965184113048	-1.04528762036806	0.533657339676596	-1.95872433985734	0.0501450783770128	0.722007737962733
leptidea_sinapisG00000007390	29.0899172332244	-4.75614459280888	0.853565217108056	-5.57209279089776	2.51697292385369e-08	4.74062238095756e-05
leptidea_sinapisG00000001882	19.2385268375774	-2.6264744267404	0.868975171518973	-3.02249651408257	0.00250698970227287	0.167796460400934
leptidea_sinapisG00000000916	25.3394640299802	-2.41126156662117	0.951921688870749	-2.53304614740064	0.011307606523684	0.416973490369468
leptidea_sinapisG00000008598	24.4569242987238	-3.42293765174938	0.748556180624593	-4.57271977755001	4.81433814373237e-06	0.00240134118885009
leptidea_sinapisG00000000632	1954.71921199003	1.1663146230021	0.511660670332477	2.27946897353714	0.0226392022878942	0.606078305317439
leptidea_sinapisG00000009217	38.053030809184	-1.5991762207803	0.872602236769826	-1.83265198436815	0.0668543421031584	0.763280469176924
leptidea_sinapisG00000004890	45.5355273922882	3.22232026687145	0.873108028724864	3.6906318128554	0.000223697733100076	0.029040868720403
leptidea_sinapisG00000002323	10.3296513260338	1.54141818141447	0.930874780007036	1.65588134357106	0.0977458504555049	0.81007856256111
leptidea_sinapisG00000012017	127.130033666153	-1.07359764237148	0.42103725860876	-2.54988749907546	0.0107757685384577	0.410613716323579
leptidea_sinapisG00000014416	382.395656242678	2.44142831255882	1.11437853747657	2.19084290521896	0.0284631625791958	0.64998889581455
leptidea_sinapisG00000013317	11.600752809188	-1.10315536619355	0.658800324935818	-1.67449122964689	0.0940340966313114	0.803665170042718
leptidea_sinapisG00000013558	32.5138159018257	-1.78284947702649	0.819729366578799	-2.17492449302791	0.0296357751365728	0.657747636930445
leptidea_sinapisG00000014780	1241.79554513914	1.32628813909856	0.541041095076941	2.45136303169345	0.0142316337959113	0.463481764549316
leptidea_sinapisG00000000870	21.1690631943054	2.19233761569856	1.18334113479153	1.85266746100631	0.0639300366208952	0.758962168389933
leptidea_sinapisG00000012566	11.2840650192224	-2.11460862002425	0.983358049590095	-2.15039539352498	0.0315239524121734	0.674384869097444
leptidea_sinapisG00000011690	29.5544603009217	-3.40649785867356	0.830388234263366	-4.10229543015557	4.09071486586179e-05	0.00969192619594305
leptidea_sinapisG00000000463	251.957633922813	1.03689638485234	0.365565191170867	2.83641990510985	0.00456224199339692	0.258536408911396
leptidea_sinapisG00000002013	15.4840107422996	1.40921842176204	0.875958322983021	1.60877336830711	0.107665906215306	0.821388136377372
leptidea_sinapisG00000007661	27.4835336435706	-1.53746061877793	0.824689765778888	-1.86428967907206	0.0622810354108004	0.758962168389933
leptidea_sinapisG00000008616	41.8984744624397	-1.24393540426912	0.510901370250925	-2.43478580544454	0.0149006072301894	0.478688321086459
leptidea_sinapisG00000004362	111.17056165949	-3.14897076657504	1.05143630483291	-2.99492299447989	0.0027451413577579	0.175781788158592
leptidea_sinapisG00000006211	332.400581033161	-2.69375605519691	0.736578916296018	-3.65711805700713	0.000255066921297623	0.031280575111016
leptidea_sinapisG00000006217	1161.60965397257	-3.7414340449821	0.875181398122863	-4.27503835548485	1.91104392132927e-05	0.00548817067952652
leptidea_sinapisG00000002901	271.58019029766	-1.57662721233715	0.557899148094942	-2.82600756377001	0.0047132151097617	0.261211342662057
leptidea_sinapisG00000000464	18.071395732505	-5.09703557240187	1.20330378865359	-4.23586763414505	2.27670871273391e-05	0.0063317694458866
leptidea_sinapisG00000013271	39.92431939619	1.72900402774857	1.4564680717013	1.18712113320062	0.235179843570792	0.935291387964918
leptidea_sinapisG00000012225	26.4227123879717	1.08105390464763	0.500084190617621	2.16174381220189	0.0306379285794322	0.666459947607546
leptidea_sinapisG00000006149	746.340611247802	-1.14810298181618	1.03669334682818	-1.10746633546831	0.268092359428082	0.945556862783749
leptidea_sinapisG00000014597	30.6072190078526	-4.20959341987569	0.900516160016004	-4.67464506111792	2.94462440885855e-06	0.00155034475126403
leptidea_sinapisG00000002009	12.059616946006	-1.33703748816411	0.620445518346626	-2.15496356831954	0.0311646852309785	0.669722725473885
leptidea_sinapisG00000002877	45.5721068212811	1.84909217432665	0.544293551899526	3.3972332905167	0.000680709077939206	0.0662902483926349
leptidea_sinapisG00000007672	37.7212890617972	-1.25041472311384	0.528147942742566	-2.36754632919839	0.0179064779671683	0.531492871581273
leptidea_sinapisG00000004438	59.7806454489942	1.47723720616313	1.45220133075662	1.01723994798535	0.309039296427469	0.965703838181204
leptidea_sinapisG00000001262	46.3285902735472	-1.18048363864825	0.647616694015451	-1.82281224303968	0.068331832798855	0.767073247912238
leptidea_sinapisG00000003340	11.1242359572767	1.31563318469866	0.789239551892146	1.66696306786009	0.0955217488244999	0.81007856256111
leptidea_sinapisG00000009612	88.7394790682708	-3.95873668279345	0.880998640024201	-4.49346514619444	7.00734946961762e-06	0.00276702712181526
leptidea_sinapisG00000002732	123.187240463514	-1.71881794047513	0.753599799619273	-2.28080997545846	0.0225596938409864	0.605660675725291
leptidea_sinapisG00000004529	38.6292570122601	1.20381277210972	0.669155367536829	1.7990033862255	0.0720181450642106	0.769780595144196
leptidea_sinapisG00000011744	29.6333628792964	-1.47782965672323	0.390141165277197	-3.78793572237687	0.000151904133910712	0.0229174554723197
leptidea_sinapisG00000010348	90.5073542439526	-1.05418797755296	0.288444871907089	-3.65472948290972	0.000257453293094782	0.031280575111016
leptidea_sinapisG00000010668	1307.86991377373	1.10461324373348	0.538150876528066	2.05260883501669	0.0401105299967421	0.713549043668992
leptidea_sinapisG00000015503	225.024133176338	-1.35476917203591	0.462174247135811	-2.93129524293422	0.00337551806173182	0.203756590261353
leptidea_sinapisG00000004512	419.469138805177	1.36962016405436	0.375320843921297	3.64919824261495	0.000263060045739128	0.0315572158667052
leptidea_sinapisG00000013438	84.5637971812652	-4.1568071963549	0.963952358604482	-4.31225377400677	1.61598800538389e-05	0.00494023171839456
leptidea_sinapisG00000003544	60.5870485426328	-2.20553624363233	0.746504805019907	-2.95448365342205	0.00313192744901893	0.195995740023903
leptidea_sinapisG00000013843	31.17674799239	-1.04963576837506	0.801488454841516	-1.30960809483228	0.190328448605053	0.923123235019558
leptidea_sinapisG00000015388	293.456211382202	1.09006623597157	0.433572180576755	2.51415170254125	0.0119319096125233	0.423954349671539
leptidea_sinapisG00000001370	75.9691407586751	1.86923756935271	1.30438994567455	1.4330358613628	0.151847589155305	0.889406429187161
leptidea_sinapisG00000008519	14.1079195909607	-1.29776661410303	0.653892967287569	-1.98467743044604	0.0471803714188181	0.719826765024602
leptidea_sinapisG00000000189	23.9979056709843	-1.16707250093789	0.843114241796213	-1.38424005085183	0.166284963565381	0.912300787335691
leptidea_sinapisG00000011044	26.6309219022966	-1.88965284723008	0.822686917485031	-2.29692828106077	0.0216228613558139	0.590759163105908
leptidea_sinapisG00000010397	70.3033443013535	-1.43352465808919	0.372746551778896	-3.84584284213451	0.000120138750938729	0.0192975414007853
leptidea_sinapisG00000014553	12.6102792716787	-1.07047109902409	0.50644866600192	-2.1136813479533	0.0345424926335463	0.689101709367036
leptidea_sinapisG00000008213	11.99784367281	-1.10644653633649	0.982583582441943	-1.12605844032802	0.260140783713533	0.942786626854527
leptidea_sinapisG00000006886	228.013556470428	1.29255832156782	0.791550275022649	1.63294532559014	0.102480496180189	0.815359082479803
leptidea_sinapisG00000006885	124.201763019135	-1.35707877058604	0.694241972965637	-1.95476335835605	0.0506110078972338	0.723070271865558
leptidea_sinapisG00000006881	35.0742976565709	-1.13035862213068	0.560119596931284	-2.0180665492219	0.0435843308994266	0.713549043668992
leptidea_sinapisG00000003982	30.1782544660595	1.18063372000967	0.6010704747144	1.96421845636428	0.0495047633542063	0.722007737962733
leptidea_sinapisG00000002157	98.4909827152545	-1.42291765823299	1.06226193535562	-1.33951675276459	0.180402504363775	0.918366146752918
leptidea_sinapisG00000004309	12.5347434936663	-3.58539710653432	0.847640640449234	-4.22985512425894	2.33841859877631e-05	0.0063317694458866
leptidea_sinapisG00000000373	31.3822054485893	-1.18106947243526	0.521082972697538	-2.2665670043316	0.02341668964834	0.612389698147776
leptidea_sinapisG00000001428	261.901198905488	1.00197036068484	0.495082646742839	2.02384463942905	0.0429861395567439	0.713549043668992
leptidea_sinapisG00000003947	174.200402347165	2.82345988894486	0.720343442266277	3.91960240529428	8.86951687555184e-05	0.0167723667898078
leptidea_sinapisG00000002299	48.8363276153807	-1.73577267385207	1.08802530977989	-1.5953421839086	0.110635737250416	0.823119763126297
leptidea_sinapisG00000007352	85.814143561634	-1.35137655807679	0.45905777368881	-2.94380497517264	0.00324204225066374	0.198508920583596
leptidea_sinapisG00000014614	10.7942491116515	1.22601721764482	0.784803394744272	1.56219662893318	0.118241674527826	0.841258582409209
leptidea_sinapisG00000001164	1744.90605546551	-3.28951687156694	0.854060547397295	-3.85162021778382	0.000117338901955558	0.0192753842882049
leptidea_sinapisG00000000740	20.0789816616455	-2.80105437984289	0.820251976273847	-3.41487062617907	0.000638123129261679	0.0644999797098974
leptidea_sinapisG00000008070	96.7257563956727	-1.23194417550068	0.680259649075328	-1.81099110784427	0.0701422281436172	0.767073247912238
leptidea_sinapisG00000008490	33.763366352345	-2.21588479839237	0.782150825174378	-2.83306585772424	0.00461038863628004	0.258536408911396
leptidea_sinapisG00000009012	141.610837849481	-1.23827788079435	0.849093965923709	-1.45835199693977	0.144743544807016	0.882008888396485
leptidea_sinapisG00000011813	10.2388927749518	-1.24249538676714	1.13515112393571	-1.09456385195589	0.273707759377207	0.952225325194782
leptidea_sinapisG00000002636	18.1622319968812	-1.55492934408577	0.549640986294633	-2.82899089197881	0.00466950278452456	0.260311046405525
leptidea_sinapisG00000002980	15.9265425422568	-1.15843306011027	0.570248463073012	-2.03145319124157	0.0422090433022021	0.713549043668992
leptidea_sinapisG00000002984	36.787760048272	-1.38845882139035	0.683224477503878	-2.0322146923995	0.0421319261415544	0.713549043668992
leptidea_sinapisG00000004676	36.9656060621837	-1.1529406261364	0.760708544691063	-1.51561413918997	0.129616949706197	0.865665843809465
leptidea_sinapisG00000013707	119.781965559939	-1.02328560365104	0.512781270296898	-1.99555963317179	0.045981877084612	0.719092820347967
leptidea_sinapisG00000011053	28.6446030597163	-1.99347932248681	0.90061922129312	-2.21345411618525	0.026866353264411	0.632349825899513
leptidea_sinapisG00000006983	190.18928696893	-1.13090625089453	1.06429250670715	-1.06258969575335	0.287968061943379	0.958765820302183
leptidea_sinapisG00000004446	106.4470084841	2.26044936922555	0.816446091645885	2.7686449752839	0.00562899359811727	0.288335863249374
leptidea_sinapisG00000014674	109.489195681846	-1.08735436294964	0.319180679042279	-3.40670483630874	0.000657521914663327	0.0649097415131703
leptidea_sinapisG00000007979	208.480663890185	-2.58638061790272	0.689324687551582	-3.75204988971062	0.000175394548765894	0.0255725252100673
leptidea_sinapisG00000013186	13.4967326430236	-2.16848935039415	0.552690675309397	-3.92351354431705	8.72668568550608e-05	0.0167723667898078
leptidea_sinapisG00000012582	731.496248428704	-6.28255193298289	1.31324257134862	-4.78399959767606	1.71841027252775e-06	0.00108569161018304
leptidea_sinapisG00000014866	18.9877535162519	-1.20087729796264	0.857545136371387	-1.40036628630888	0.161403660347333	0.906815111382065
leptidea_sinapisG00000008313	22.2863966205784	1.28556964922299	0.518062762258029	2.48149402520209	0.0130832903695931	0.44044450188416
leptidea_sinapisG00000015055	21.4705794496508	1.39459351509062	1.0222805343484	1.36419844478358	0.17250511754549	0.918366146752918
leptidea_sinapisG00000001261	482.812342538935	1.01731897841281	0.453830638532352	2.24162692431417	0.0249854943514177	0.624769208359855
leptidea_sinapisG00000006964	10.1857054802243	-1.35813376819537	0.720573746475693	-1.88479496351062	0.0594575252143415	0.754941351567367
leptidea_sinapisG00000006962	466.803966332863	1.09642663272421	0.532391666910502	2.05943612732865	0.0394524778838346	0.710666059226226
leptidea_sinapisG00000012130	152.871193404597	-1.8479574144655	0.681418942734906	-2.71192551097661	0.00668936232213206	0.313837063004186
leptidea_sinapisG00000002216	14.6903831970377	-2.83368004720866	0.894444407704209	-3.16808962390623	0.00153444209288842	0.127560593985119
leptidea_sinapisG00000014650	13.5478845165498	-3.41599731059612	0.753216157636241	-4.5352151251193	5.75448013400849e-06	0.00255572385924612
leptidea_sinapisG00000014132	1103.89059041989	-3.54640624190638	0.863137646992386	-4.10873775957274	3.97827501035124e-05	0.00966720827515352
leptidea_sinapisG00000010083	18.7267344813257	-1.16794131292848	0.841411818198086	-1.38807334015068	0.165114713708801	0.909174148522305
leptidea_sinapisG00000009503	289.069994299563	-1.34404784609877	0.707484609840967	-1.89975559525019	0.0574652007134252	0.751169251256732
leptidea_sinapisG00000015074	154.206492469557	-1.83958272887073	1.01664347885694	-1.80946690470003	0.0703784972328974	0.767073247912238
leptidea_sinapisG00000001915	16.565524953776	-1.21440985921055	0.796546284373029	-1.52459421760585	0.12736034055865	0.86148445399054
leptidea_sinapisG00000001917	183.544410085466	1.03000009049333	0.693097562197169	1.48608240263918	0.137257326297052	0.873867928931108
leptidea_sinapisG00000014306	249.487483692662	-1.22126870204058	0.614256753486735	-1.98820557545071	0.0467889586138023	0.719826765024602
leptidea_sinapisG00000009711	4257.34151099516	-1.19912716015585	1.00032225924974	-1.19874085482734	0.230628726813595	0.93227770114846
leptidea_sinapisG00000009869	29.1003239641336	-1.7757251131434	0.579759899030841	-3.06286294742324	0.00219230440466353	0.158598998801499
leptidea_sinapisG00000006135	22.1729158601589	-1.03953602645524	0.519711450047573	-2.00021767147921	0.0454767644249901	0.715919097102378
leptidea_sinapisG00000000895	12.9911657110263	4.16738231575663	0.914212457979952	4.55843964866208	5.15350688185641e-06	0.00244198923596766
leptidea_sinapisG00000000093	61.8642187077348	-1.46750130328137	0.812293123284741	-1.80661544609304	0.0708222594644011	0.767073247912238
leptidea_sinapisG00000006380	22.5226503607637	-1.80496487662676	0.836750685651349	-2.15711191825523	0.030996945202985	0.667923575291845
leptidea_sinapisG00000000270	10.4070750484838	-2.84652077981545	0.773256911697939	-3.68120961707924	0.000232130061032378	0.029149195931468
leptidea_sinapisG00000014011	1550.00183564307	-4.79950745212883	0.882146301115415	-5.44071595160596	5.30668687032683e-08	5.58794127445415e-05
leptidea_sinapisG00000001054	10.7693041023819	1.12308866161569	0.46644177175266	2.40777891181502	0.0160498973183615	0.496013420713541
leptidea_sinapisG00000006723	99.4177882836736	-2.56893732190496	1.00983684514559	-2.5439132412866	0.0109618307723821	0.410613716323579
leptidea_sinapisG00000006721	100.732028195639	-1.36855919022932	1.32847951139276	-1.03016958748166	0.302930403497263	0.965703838181204
leptidea_sinapisG00000012367	43.1057301251071	-1.04622193802272	0.872870665071046	-1.19859903636189	0.230683893080289	0.93227770114846
leptidea_sinapisG00000007185	45.1310474806223	-1.79297132112483	1.05952940839932	-1.6922336528946	0.0906014323790804	0.794244173510664
leptidea_sinapisG00000005961	25.8204401138521	-2.0621906443373	0.961187060219907	-2.14546234513966	0.031915898973444	0.680133977448546
leptidea_sinapisG00000001604	197.662427581176	-1.06461076542251	1.43392161892818	-0.742446972951196	0.45781656853792	0.987688591297029
leptidea_sinapisG00000010122	18.7863903443876	-1.64259990165547	0.720169538222969	-2.28085168071481	0.0225572250188057	0.605660675725291
leptidea_sinapisG00000011421	21.3164084781869	-1.44150492517052	0.368851254960481	-3.9080927766532	9.30275850909091e-05	0.0167723667898078
leptidea_sinapisG00000010146	820.967239242761	-4.35476690252762	0.965767212979961	-4.50912688275117	6.50949702955105e-06	0.00268219579778501
leptidea_sinapisG00000010926	162.075903772245	-1.17827608175582	0.318880834625915	-3.6950357431737	0.000219855856755198	0.0289385271454029
leptidea_sinapisG00000007478	14549.3044141112	1.61092998776444	0.576859800388864	2.79258493429167	0.00522887384024708	0.28041695866828
leptidea_sinapisG00000005654	104.293355670549	-1.23107624213184	0.489566936210481	-2.51462292707316	0.0119159753509674	0.423954349671539
leptidea_sinapisG00000006907	78.5678264018526	-1.41910526858138	1.1299691293533	-1.25587967999936	0.209159596860462	0.926965579329329
leptidea_sinapisG00000010102	5978.84199282963	1.01188176999946	0.48089797968261	2.10415059482531	0.0353653126040396	0.689101709367036
leptidea_sinapisG00000013930	351.477975484223	-1.26947002887299	1.27382751938027	-0.996579214657411	0.318968799159266	0.965703838181204
leptidea_sinapisG00000006688	98.6665856617268	-3.36252078650653	0.955331183490794	-3.51974356601637	0.000431964215927012	0.0476014520272127
leptidea_sinapisG00000006804	265.812276794552	-1.61764255665582	0.704071067519242	-2.29755578844547	0.0215870844114488	0.590759163105908
leptidea_sinapisG00000010718	16.414980819964	-1.86574114321852	0.731144570754638	-2.55180879110246	0.0107165313496416	0.410613716323579
leptidea_sinapisG00000003564	359.697895132497	-1.31556285520188	1.34042365383724	-0.981453029000053	0.326369386636105	0.967809222874147
leptidea_sinapisG00000005671	12.9048265192124	-2.45501608595393	0.963962271897815	-2.54679685867848	0.0108716699307842	0.410613716323579
leptidea_sinapisG00000000917	19.4350380934223	-1.32943172537645	0.621500072420674	-2.13906930082641	0.0324300562395675	0.680133977448546
leptidea_sinapisG00000002784	49.1326237081089	1.29350242714849	0.626906443534362	2.06331014857018	0.039083170469142	0.70956169834494
leptidea_sinapisG00000010472	5078.50292658639	1.02102560246594	0.523634926829837	1.94988063276714	0.0511903480095026	0.72407601206874
leptidea_sinapisG00000006528	95.6105663564136	-3.97809073478146	0.929318488209562	-4.280653818096	1.86345037148438e-05	0.00548817067952652
leptidea_sinapisG00000002577	23.0024080261844	-2.88737409252742	0.823230803943974	-3.50736886750891	0.000452561343203536	0.0492979752820679
leptidea_sinapisG00000002573	38.1212502194393	1.00317208569731	0.478966055435991	2.09445340502085	0.0362196096521635	0.689955743257851
leptidea_sinapisG00000008981	38.6755187795465	-1.71115498586661	0.888299552145738	-1.92632652097282	0.0540636159165921	0.739580057186843
leptidea_sinapisG00000012068	49.3092237167396	-1.96046254703282	0.937723597584154	-2.09066141886963	0.0365584257994306	0.692928402602407
leptidea_sinapisG00000007204	22.5895585215902	-4.51856641294963	0.886799062722971	-5.09536669905254	3.48066861891344e-07	0.000274885804178689
leptidea_sinapisG00000011608	17.501984610089	-1.85219150862875	0.600976768898156	-3.08196856265276	0.0020563655372233	0.152298688878634
leptidea_sinapisG00000001781	635.769242842978	-1.38548161086284	0.553893585331016	-2.50134980356354	0.0123720908912949	0.429488298083523
leptidea_sinapisG00000010730	17861.2176171877	1.16786424633561	0.696659576187369	1.67637722390471	0.093664327289917	0.803665170042718
leptidea_sinapisG00000006349	16.8923920698146	-1.60500043493689	0.730277703418001	-2.1977946573267	0.0279637423514883	0.643233947245277
leptidea_sinapisG00000012867	17.8377628547322	-3.2604789909747	0.860918243024282	-3.78721094295912	0.000152347757175915	0.0229174554723197
leptidea_sinapisG00000005601	25.0595926304064	-1.81730434656352	0.448520063333337	-4.05177938542499	5.08295823941348e-05	0.0109479989170276
leptidea_sinapisG00000001192	16.2928738866926	-2.33275717003029	0.842274361129872	-2.76959299449766	0.00561263794342068	0.288335863249374
leptidea_sinapisG00000008823	33.4939658508277	1.23770045956163	0.480856474201432	2.57394987062844	0.0100544839768338	0.398687634512361
leptidea_sinapisG00000002883	10.7928277332232	1.43314327690781	0.872612174997598	1.64235993717571	0.100515432416196	0.814175002571191
leptidea_sinapisG00000002940	14.365954076445	-1.43047343441447	0.741721641943269	-1.92858527178297	0.0537823689103839	0.739494141864763
leptidea_sinapisG00000005738	25.4692692495005	-2.12406679877836	0.555171422031462	-3.82596566481404	0.000130260446207366	0.0202373483394624
leptidea_sinapisG00000005734	89.1747732695177	-3.14463345386082	0.812003905637503	-3.87268267064796	0.000107643941382091	0.0182168148656799
leptidea_sinapisG00000011662	22.521200480156	-1.03629941018406	0.414936903599555	-2.49748672917309	0.012507714666641	0.432611722247287
leptidea_sinapisG00000015572	12.551682280239	-1.78971773502665	0.979029609048503	-1.82805271514315	0.0675416405115432	0.763833087264791
leptidea_sinapisG00000011404	5664.14522157731	-2.24976794756997	1.43136738742612	-1.57176135724002	0.116005906489558	0.83730653365394
leptidea_sinapisG00000008462	1731.70823211573	-5.58263940324859	1.00744963406953	-5.54135831157918	3.00134370430995e-08	4.74062238095756e-05
leptidea_sinapisG00000005504	107.596469440524	-2.89545395160073	1.04772430923799	-2.7635647336527	0.00571737502740616	0.288335863249374
leptidea_sinapisG00000009305	215.281254292508	-4.23535378444958	0.801708359315578	-5.28291084312171	1.27147278299977e-07	0.000112225427569522
leptidea_sinapisG00000006364	110.813896310584	-1.35285964240066	1.53737429259354	-0.879980658528113	0.378869787458385	0.976763805145424
leptidea_sinapisG00000004292	45.4520958045226	-1.06901264319828	0.328871999998825	-3.25054319979232	0.00115184767256377	0.100147343054008
leptidea_sinapisG00000000597	99.2420247518116	-2.76928443014041	0.74399438875267	-3.72218456483684	0.000197506566455538	0.0271270975405671
leptidea_sinapisG00000015100	87.0706492915849	-1.31620502810238	1.28880113332952	-1.02126309021941	0.307129808526299	0.965703838181204
leptidea_sinapisG00000013880	11.9543563845889	-1.18604508227287	0.66687041758257	-1.77852405955016	0.0753178240277071	0.773333714312654
leptidea_sinapisG00000013080	73.9924376454617	1.17718959246794	0.658595304186901	1.78742481913274	0.0738688531949429	0.773333714312654
leptidea_sinapisG00000014278	120.202985322634	1.04105768714788	0.632303629655524	1.64645217633029	0.0996706984317869	0.812653483201523
leptidea_sinapisG00000002532	234.016820305723	-2.34691345037519	0.806061282522741	-2.91158191227102	0.00359603606425486	0.212997711130896
