baseMean	log2FoldChange	lfcSE	stat	pvalue	padj
leptidea_sinapisG00000003009	201.43800312784	-3.35636396411761	0.606101193663554	-5.53762968825421	3.06592654708699e-08	8.82875599498452e-06
leptidea_sinapisG00000004612	5.80437154986834	-2.95830909189262	0.959866366978338	-3.08200098853905	0.00205614154621456	0.0469208860281275
leptidea_sinapisG00000010510	147.067990225017	0.442170188569587	0.127570826090576	3.46607607804972	0.000528113821893882	0.0183678581878334
leptidea_sinapisG00000010514	55.1987597711188	-0.837780419066299	0.249807277373759	-3.35370701716115	0.000797367424471773	0.0247110071269169
leptidea_sinapisG00000010772	4.55898998388473	-2.96910786028374	0.860278028806381	-3.45133522054878	0.000557820261780986	0.0189866889781114
leptidea_sinapisG00000012925	9.67560642475904	-0.993478458092722	0.31792113611384	-3.12492107393886	0.00177852772689935	0.0424185199662623
leptidea_sinapisG00000011135	40.5777522553363	-1.54275518087086	0.44525662263101	-3.4648674549853	0.000530492866693725	0.0183678581878334
leptidea_sinapisG00000003275	50.7625585577785	-0.519742962563194	0.147661543686074	-3.51982614829058	0.000431829749269499	0.0160000092709042
leptidea_sinapisG00000013524	5914.30694505706	0.971127329893632	0.318239486535163	3.05156139002986	0.00227654490113352	0.0499100160530167
leptidea_sinapisG00000004728	15.4590445875825	-3.14190718352458	0.799716430702614	-3.92877657992368	8.5379115601825e-05	0.00451206157767329
leptidea_sinapisG00000011367	335.793449594819	0.605339410515221	0.188045887419169	3.21910475588266	0.00128591498659218	0.034068264855863
leptidea_sinapisG00000010189	37.630883836272	-3.90067924347287	0.91131521791833	-4.28027445035209	1.86662979014906e-05	0.00132910456706278
leptidea_sinapisG00000002513	84.8434641423316	-0.479603630246281	0.154694706183081	-3.10032348281312	0.00193309396619818	0.0450352587345614
leptidea_sinapisG00000005040	380.600486073857	8.26677505262252	0.964216141640043	8.57357048447819	1.0032508235365e-17	1.00736415191299e-13
leptidea_sinapisG00000005777	25.3662595822256	-4.98249668412117	1.06201938752364	-4.69153081634325	2.71168417341651e-06	0.000280701245209022
leptidea_sinapisG00000009640	86.2002476261693	-1.95292055948794	0.527069275809411	-3.705244545869	0.000211186879250392	0.00921968458501384
leptidea_sinapisG00000007557	11.2761189109821	-1.90919229087248	0.581580460006632	-3.28276553660471	0.00102794123137883	0.0294061478754269
leptidea_sinapisG00000007555	22.0236242326179	-0.806911706315173	0.241700639441471	-3.3384756787562	0.000842394044593001	0.0256317533386616
leptidea_sinapisG00000008420	13.5004445979276	1.90507110366333	0.491203358187253	3.87837556871321	0.000105156289306848	0.00541474000476954
leptidea_sinapisG00000003021	236.071085832882	-1.03254447885919	0.217183599125809	-4.75424701964285	1.99187380706629e-06	0.000221702359791806
leptidea_sinapisG00000011359	43.559354726335	1.42826445475665	0.463521650958753	3.08133277442901	0.00206076194984605	0.0469208860281275
leptidea_sinapisG00000008047	274.675519561231	-6.31660566235093	1.14223387223525	-5.53004583027284	3.20147135168268e-08	8.9294371784016e-06
leptidea_sinapisG00000001724	120.706501732884	-1.82340829190358	0.484750384311946	-3.76154068344211	0.000168869946619708	0.00785010710189114
leptidea_sinapisG00000003258	139.535257409377	0.449322735030497	0.144185976622712	3.11627209216212	0.00183153193163003	0.0432715579423462
leptidea_sinapisG00000006069	5.59924616607749	-2.89953019745236	0.856073574057891	-3.38701051558949	0.000706586794645568	0.022523295254083
leptidea_sinapisG00000000606	17.7466238632198	0.945902538556061	0.307467750187174	3.07642846438442	0.00209496565272196	0.0475917423506362
leptidea_sinapisG00000002704	19.9455206314721	-1.54493098765272	0.444454699394037	-3.47601451792287	0.000508924735158302	0.0179933565694525
leptidea_sinapisG00000010776	156.773289195341	-1.80408537608916	0.327146696155266	-5.5146067415363	3.49560699766334e-08	9.48632158473988e-06
leptidea_sinapisG00000012495	53.6771979803034	-2.11491289992148	0.642870221898408	-3.28979757948052	0.00100259479519608	0.0291798676480113
leptidea_sinapisG00000011560	9.35338856780854	-2.68972435609451	0.768695356604322	-3.49907714803462	0.000466871475813704	0.016733476559691
leptidea_sinapisG00000008756	9.6412272589735	-1.77431832607635	0.492974997752515	-3.5992055056859	0.000319190877231435	0.0127182365011144
leptidea_sinapisG00000012798	2.77317534934237	2.3701972767453	0.557651097724094	4.25032298227088	2.13462481495781e-05	0.00147819088048216
leptidea_sinapisG00000009882	20.8742136312625	-3.79413132149732	0.841107691007344	-4.51087460269602	6.45608797102671e-06	0.000549369316246434
leptidea_sinapisG00000007282	9.78152502361885	-4.11861980657152	0.993394467908307	-4.14600638479868	3.38324395823123e-05	0.00216376768054776
leptidea_sinapisG00000001707	687.884973496702	-6.03682554661843	1.09027549948388	-5.53697258122023	3.07744706527695e-08	8.82875599498452e-06
leptidea_sinapisG00000005115	270.754783192946	1.92490954454607	0.388054859413999	4.96040572060577	7.03460972570288e-07	0.000105424651128034
leptidea_sinapisG00000005111	13.6920507969364	0.836989063527651	0.252730469712475	3.31178533589508	0.000927026494429538	0.0273772736193147
leptidea_sinapisG00000011796	81.8358650568175	0.656771136510768	0.212915967568955	3.08464951694177	0.00203792148463406	0.0466122314970629
leptidea_sinapisG00000007846	15.3827665195038	-1.62298668625916	0.329536893016445	-4.92505306887799	8.43374623743163e-07	0.000112324661881593
leptidea_sinapisG00000002722	431.030025312518	-6.80683145004109	1.16259765171	-5.85484706598994	4.77449161659007e-09	1.71216679722074e-06
leptidea_sinapisG00000007073	4.82235164935667	2.58787882035512	0.765119359775899	3.38232040176463	0.000718762592852693	0.0228389088444111
leptidea_sinapisG00000009985	8.8720129989763	-1.05488498462141	0.300556571938323	-3.50977181373324	0.000448491398928088	0.0163163120892642
leptidea_sinapisG00000000517	304.694247973473	-6.00597086163627	1.12960742341265	-5.31686560937396	1.05569980631915e-07	2.13961525758342e-05
leptidea_sinapisG00000000810	256.392740537336	3.62456114304328	0.593043912024552	6.11179217854145	9.85184276267077e-10	5.20643964105143e-07
leptidea_sinapisG00000013791	7.00221483711966	-3.60975584120866	0.981620463112873	-3.6773437156776	0.000235675380295233	0.010069857419338
leptidea_sinapisG00000007980	7.83491121000604	-1.41989834487354	0.44373811103324	-3.19985664870507	0.0013749595568897	0.0355823940998183
leptidea_sinapisG00000002006	25.0330231969807	2.24729125512181	0.473779945425059	4.7433228797931	2.10240769122523e-06	0.000226992211049383
leptidea_sinapisG00000008427	11.0747701331747	4.52324034426848	0.851001977535093	5.31519369363858	1.06543932754876e-07	2.13961525758342e-05
leptidea_sinapisG00000013245	11.4755899901237	-2.58791696682672	0.753992655940333	-3.43228405003392	0.000598520327279165	0.0201669214973493
leptidea_sinapisG00000006207	7.00270336106646	-1.79562376593854	0.47038496071337	-3.81734943909636	0.000134893053896102	0.00653001523564076
leptidea_sinapisG00000002916	10.6400533269724	-3.45345306008839	0.866261359806077	-3.98661791963281	6.70218249989126e-05	0.00382367127735273
leptidea_sinapisG00000004052	188.726915562617	-6.25633004234712	1.08268003734092	-5.77855860140615	7.53433020110889e-09	2.3641315484167e-06
leptidea_sinapisG00000004516	9476.51711116605	-10.2732819453359	1.34349782726771	-7.64666807554789	2.06253817552656e-14	9.49213397500014e-11
leptidea_sinapisG00000006738	17.6835620791756	2.91708309103343	0.698597731980545	4.17562634044547	2.97167267277938e-05	0.001950233026626
leptidea_sinapisG00000001857	8.6014368802838	-3.93505472921749	0.966560423524084	-4.0711937230683	4.6772830615934e-05	0.00286369507447923
leptidea_sinapisG00000001856	284.519988699642	-0.655694855043756	0.213687787838837	-3.06847135100805	0.00215156957422458	0.0483505443307371
leptidea_sinapisG00000002219	14.4378190769004	1.09190861335492	0.357350701433938	3.05556588800141	0.00224636240187088	0.0494643089411963
leptidea_sinapisG00000010488	9.81644206672492	-2.88652178397232	0.916963673272307	-3.14791290877575	0.00164440678643467	0.0397867193797362
leptidea_sinapisG00000005647	89.6494063098467	-4.39120917570771	0.922458508121377	-4.76033245619966	1.93274322668642e-06	0.000218052525159082
leptidea_sinapisG00000012182	154.878614726357	-1.05427776718825	0.311028525422606	-3.38964976204597	0.000699819713512692	0.0224483550720843
leptidea_sinapisG00000015516	29.0074096371	-4.00887901258096	1.02350738470512	-3.91680516671205	8.97302095709111e-05	0.00471570540970723
leptidea_sinapisG00000000848	82.6045915716161	0.888198696670675	0.213575233814999	4.15871578743087	3.2004180801606e-05	0.00207325148018662
leptidea_sinapisG00000010694	18.3762783679205	-5.03967050493918	1.04427136629519	-4.82601617510463	1.39291200623378e-06	0.000170563773836505
leptidea_sinapisG00000010074	13.6473468128125	-4.6047468120015	0.997265698577376	-4.61737209910085	3.88630056891415e-06	0.000361318000115435
leptidea_sinapisG00000013910	6.35991927178365	-1.1654854367533	0.342656685336678	-3.40132116671865	0.000670609900223123	0.0217915663693863
leptidea_sinapisG00000009593	256.359614464492	-5.15421221849586	0.858987802391417	-6.0003322563447	1.96914181067986e-09	9.41531091477927e-07
leptidea_sinapisG00000009598	60.3266083144246	-0.995652931510956	0.228043271469075	-4.36607019841835	1.26501839410878e-05	0.000955041330469642
leptidea_sinapisG00000007685	27.4271013357422	-5.28967692262802	1.10257914704362	-4.7975484905654	1.6061933316909e-06	0.000187532409808236
leptidea_sinapisG00000011650	367.330961277451	3.25198395441571	0.847429433938116	3.83746873094001	0.000124309057217718	0.00620013505935686
leptidea_sinapisG00000009626	9.50125187535296	-3.28005013577091	0.85246019717914	-3.84774579109366	0.000119209654263902	0.00598492069231918
leptidea_sinapisG00000002686	10.8578747808127	-3.31537712180977	0.841230472806922	-3.94110440477435	8.11073117285989e-05	0.00435507228378001
leptidea_sinapisG00000006268	132.15790211737	3.7177772138638	0.988787903393566	3.75993395661923	0.00016995821939029	0.00786428793040506
leptidea_sinapisG00000003087	58.2201459642208	-4.77857027634128	1.03175669929832	-4.63148945831036	3.6304448577348e-06	0.000343899026570898
leptidea_sinapisG00000002978	14.9653228444902	-3.19907388505442	0.986498263979839	-3.24285809905875	0.00118337133135525	0.031883657718148
leptidea_sinapisG00000007137	16.7493260732309	-4.36786767165349	1.02267644073819	-4.27101622532799	1.94584249103661e-05	0.00136630800367123
leptidea_sinapisG00000004174	353.824191816093	2.54661481198443	0.791809205162147	3.21619753266563	0.0012990138594062	0.0343247320060464
leptidea_sinapisG00000000301	62.526173231183	-2.17480701386257	0.698428415674031	-3.11385814931905	0.00184658244544961	0.043524728485351
leptidea_sinapisG00000010263	21.5886836683255	-4.30703069921173	1.0034875163302	-4.29206206267789	1.77021451009958e-05	0.00126962313542214
leptidea_sinapisG00000011351	9.80245846959654	-2.22158087326757	0.725165938522687	-3.06354829322706	0.00218728898043783	0.0487207199710537
leptidea_sinapisG00000009454	9.92885493022431	3.33380988016177	0.638704131663585	5.21964664840737	1.79264821154644e-07	3.21428226645317e-05
leptidea_sinapisG00000000457	106.866737482948	-4.01711507683142	0.913774005716187	-4.39618007483474	1.10172545109655e-05	0.000844459943088581
leptidea_sinapisG00000011058	4.10702429655298	-1.77282132670785	0.546000017160188	-3.2469254047436	0.00116658961401354	0.0315733862919405
leptidea_sinapisG00000000320	31.7812298920664	-4.38279110896008	0.9426448490463	-4.64946168580274	3.32802496598018e-06	0.000330620056621033
leptidea_sinapisG00000001267	5.19435001630726	-2.30466843940287	0.723189040427765	-3.18681328195967	0.00143849606880379	0.0363932179638451
leptidea_sinapisG00000001155	26.2383845711161	-0.872070109285617	0.284673406442132	-3.06340560639229	0.00218833230823078	0.0487207199710537
leptidea_sinapisG00000008195	347.951489006295	-6.32321669762421	1.05768178000415	-5.97837347410807	2.25376560394733e-09	9.42919184551464e-07
leptidea_sinapisG00000007325	4.99009298137349	2.74837126848109	0.888690610179501	3.09260752504853	0.00198406342178069	0.045903181608525
leptidea_sinapisG00000004306	319.550522503874	-0.626545357007054	0.185350481389878	-3.38032764905065	0.000723994660410536	0.0228413737926831
leptidea_sinapisG00000004300	64.4845874786886	-4.56412528403662	0.967508506423766	-4.71740067785776	2.38876952230044e-06	0.000252480366035987
leptidea_sinapisG00000000145	7.12099297504597	-3.38848696964454	0.895761773560173	-3.7827992549594	0.000155074479615537	0.00731034201793241
leptidea_sinapisG00000010440	196.638631054055	-7.96508271064248	1.24039434084288	-6.42141168205425	1.35016339054943e-10	1.04284543111591e-07
leptidea_sinapisG00000000633	7.86720700849695	-1.88611253123665	0.405734099048587	-4.64864189541728	3.34127727638985e-06	0.000330620056621033
leptidea_sinapisG00000008036	18.8315833707603	-1.44583895395975	0.441113059609381	-3.27770607208974	0.0010465430903559	0.0295178066580437
leptidea_sinapisG00000001170	4.18448278254433	-2.0575184224293	0.543653113823516	-3.7846162748131	0.00015394592100887	0.00731034201793241
leptidea_sinapisG00000011383	108.279872927873	-1.76453375511865	0.556319885452744	-3.17179702049054	0.00151498856032361	0.0379351624294498
leptidea_sinapisG00000007927	203.01916534106	-7.11129897097028	1.13029450725917	-6.29154519047811	3.1432128029647e-10	2.25435712532632e-07
leptidea_sinapisG00000011922	6.84859007373035	2.54765384733683	0.664124087836339	3.83611119367297	0.000124997831679914	0.00620013505935686
leptidea_sinapisG00000007694	19.8305934982617	-2.77630615312603	0.765190163393262	-3.62825645956347	0.000285341742460919	0.0117422804756151
leptidea_sinapisG00000009556	51.5129358934843	-2.33874106465374	0.712860410045762	-3.28078405210299	0.00103518969068193	0.0294520396704574
leptidea_sinapisG00000009003	23.062812883902	-5.00301526964865	1.01574395855747	-4.92546889154408	8.41582995000523e-07	0.000112324661881593
leptidea_sinapisG00000009009	19.7673592445953	-1.82365038060959	0.433402125922439	-4.20775596503636	2.57919178611383e-05	0.0017265109816246
leptidea_sinapisG00000008417	10.1844129390996	-3.71889589975252	0.890261816551429	-4.17730585611125	2.94982254067411e-05	0.00194862948229663
leptidea_sinapisG00000011715	409.423240796268	-7.52119871756284	1.14527929662339	-6.56713060275995	5.12940559271894e-11	5.10872420000934e-08
leptidea_sinapisG00000013658	4.50043038556495	-2.94708932283347	0.841675289464324	-3.50145639265365	0.00046272268924323	0.0166530412999687
leptidea_sinapisG00000014066	16.1180211767131	-2.90764781736682	0.795366548802135	-3.65573309783508	0.000256448064513953	0.0107291458991025
leptidea_sinapisG00000014992	2.87758455007381	2.29836223617607	0.653683769141455	3.51601545682361	0.000438075479597922	0.0160542674295138
leptidea_sinapisG00000014997	186.026624337038	-3.917069294406	0.854845830771842	-4.58219383355859	4.60123089811182e-06	0.000408858048211865
leptidea_sinapisG00000002852	15.6488103194348	-4.80240860231691	1.06863386614644	-4.49397006257598	6.99074606103326e-06	0.000588188385677154
leptidea_sinapisG00000004108	20.7959847733926	-2.29133730566654	0.636506711882465	-3.59986354093569	0.000318384220470316	0.0127182365011144
leptidea_sinapisG00000014666	31.2149605929211	-4.49067898657144	0.935535305547185	-4.80011706660808	1.58572909279049e-06	0.000187321244949522
leptidea_sinapisG00000007515	89.3698260504227	-2.60051911924232	0.637818027910881	-4.07721168961013	4.55789929619312e-05	0.0028077218915997
leptidea_sinapisG00000001896	24.908873001973	3.00249870915927	0.877446968616957	3.4218577492972	0.000621948438820788	0.0206787558748329
leptidea_sinapisG00000011905	878.147844734722	-3.78464283058208	1.08070447851455	-3.50201457088819	0.000461754365275666	0.0166530412999687
leptidea_sinapisG00000012842	14.4335638348246	-2.25023547321934	0.71092734301251	-3.16521160050493	0.00154970205787899	0.0382323301306214
leptidea_sinapisG00000008483	15.3692332365736	-3.01363364042064	0.903783820838614	-3.33446292236601	0.000854642935707738	0.0258478003537392
leptidea_sinapisG00000009574	82.0292772924258	-4.91383835217242	0.998041513578437	-4.92348092270637	8.5018168539001e-07	0.000112324661881593
leptidea_sinapisG00000009683	89.3131992598533	-4.36241446032306	0.961486677869636	-4.53715538731004	5.70180955373416e-06	0.000493550601112454
leptidea_sinapisG00000012865	4.35970682906896	3.16297272401894	0.656560163219486	4.81749107120525	1.45374594213739e-06	0.000175868228975922
leptidea_sinapisG00000014409	70.5281990212584	-1.30685453872784	0.337786285385783	-3.86887980734711	0.000109336519593303	0.00557283245297644
leptidea_sinapisG00000008025	131.922557187778	-4.30409892100493	0.934803425932636	-4.60428235670062	4.13890604192965e-06	0.000374403203306447
leptidea_sinapisG00000004666	36.6096693610662	-4.82748369788151	0.936475116515125	-5.1549513839149	2.53696740171668e-07	4.24561494677287e-05
leptidea_sinapisG00000004597	169.53157618673	-0.788667435140194	0.241996500175452	-3.2590034755395	0.00111804298207017	0.0308612629754742
leptidea_sinapisG00000003908	146.329431360955	-7.0237749615442	1.21053859636027	-5.80219001910605	6.5454323959605e-09	2.13264408521246e-06
leptidea_sinapisG00000011734	5.27022322229311	-3.17632051001251	0.903409867594361	-3.51592408268747	0.000438226272092455	0.0160542674295138
leptidea_sinapisG00000006994	18.4568686923707	-3.54999964049071	0.9538502900305	-3.72175767790268	0.000197840836337576	0.00876717855165447
leptidea_sinapisG00000003479	94.6535771187942	-2.80418593880557	0.908960518714542	-3.08504701917227	0.00203519976246501	0.0466122314970629
leptidea_sinapisG00000005923	91.5145941120256	0.438180574897553	0.126239538243343	3.47102485477174	0.000518476006802237	0.018202858686368
leptidea_sinapisG00000006142	6.29308619825139	3.53718174117461	0.950807555829179	3.7201868238099	0.000199075461585223	0.00876717855165447
leptidea_sinapisG00000009771	3.84233686225189	-2.70810098554642	0.828436083562468	-3.26893171275321	0.00107954351932055	0.0300535886564056
leptidea_sinapisG00000015278	9.66520444422404	1.12227099413245	0.354152379743408	3.16889299161442	0.00153020722202927	0.0380174536357838
leptidea_sinapisG00000006904	8.0687738541359	-3.81517336045452	1.16200001635338	-3.28328167535436	0.0010260608730085	0.0294061478754269
leptidea_sinapisG00000001064	4.31365827962023	2.56364795864751	0.634834414237347	4.03829392539679	5.38413634819224e-05	0.00319894160190522
leptidea_sinapisG00000008975	121.882384352416	-0.359347464932637	0.117141569294037	-3.06763403545192	0.00215760674952378	0.0483505443307371
leptidea_sinapisG00000002601	32.845352404395	-1.18059765194015	0.372475517531572	-3.16959799066546	0.00152649976279361	0.0380174536357838
leptidea_sinapisG00000008605	7.7177497310073	-3.75068684714937	1.0387007864214	-3.61094060597708	0.000305088529799597	0.012253575710871
leptidea_sinapisG00000005605	9.17360659063252	-2.76004497330082	0.680394556210759	-4.05653594389704	4.98059006416567e-05	0.00297679195442187
leptidea_sinapisG00000004607	13.6521983472406	-4.36664049999569	0.939941486137884	-4.64565142021524	3.39005009467999e-06	0.000330620056621033
leptidea_sinapisG00000005809	41.322202438645	-2.229015707207	0.650899998798996	-3.42451330668283	0.000615901681992183	0.0205457434846628
leptidea_sinapisG00000005959	33.4345887696652	-3.98907700257142	0.972463355332051	-4.10203323415651	4.09535431243808e-05	0.00253836127476486
leptidea_sinapisG00000012254	878.154568318985	0.453432403586502	0.143116114371115	3.16828335913806	0.00153341985086071	0.0380174536357838
leptidea_sinapisG00000005383	410.090079754938	1.14679897041941	0.339320312519126	3.37969443062673	0.000725664599130156	0.0228413737926831
leptidea_sinapisG00000001557	22.0427007703157	-3.59177631725066	0.944900638083676	-3.80122117869984	0.000143984701156848	0.00688452563959959
leptidea_sinapisG00000003654	13.8814333228666	2.53502522275943	0.686226614983149	3.69415170937619	0.000220622060585647	0.00950757987270594
leptidea_sinapisG00000010368	20.1465509367503	3.02497168991578	0.772539466493075	3.91562091144361	9.01718393251458e-05	0.00471570540970723
leptidea_sinapisG00000011947	37.7923040052337	-0.626721177455231	0.176815510894505	-3.54449207699406	0.000393370327228031	0.0150183705539797
leptidea_sinapisG00000011656	25.6699107579116	-5.17842245193875	1.17578074024909	-4.40424160276832	1.06154585816519e-05	0.000819921689372051
leptidea_sinapisG00000009539	39.6161747112912	-2.94262080610429	0.676486477481271	-4.34985902018382	1.36225083066749e-05	0.0010132118956098
leptidea_sinapisG00000001046	36.9588324782789	-3.92995335986885	0.864732846387407	-4.54470230463317	5.50129485538122e-06	0.000480334796894633
leptidea_sinapisG00000014129	62.753464803655	-5.94525791377681	1.08745832889946	-5.46711331899363	4.57423643273423e-08	1.14824770052711e-05
leptidea_sinapisG00000002662	163.598353101976	0.903544057855689	0.271629096768347	3.32638906731798	0.00087979031661755	0.0264117323946496
leptidea_sinapisG00000008623	14.2808529314663	-3.01322661986776	0.857181147102117	-3.51527402353005	0.000439300448103612	0.0160542674295138
leptidea_sinapisG00000005820	40.8909716899803	-0.722868418872363	0.202952073341823	-3.56176907665717	0.000368364317884618	0.0142808730342836
leptidea_sinapisG00000002483	5085.30042516844	0.63742036178991	0.174908908041738	3.64429901785108	0.000268121558591986	0.0111709899162744
leptidea_sinapisG00000005590	140.284718474235	-3.12903981904938	0.704972590867874	-4.43852691520573	9.05766591682966e-06	0.000727584187767093
leptidea_sinapisG00000003285	14.936488206176	-3.55410785714506	0.926653631982659	-3.83542214100076	0.000125348811577477	0.00620013505935686
leptidea_sinapisG00000005974	16.8458333473046	3.14323610348808	0.661387020424185	4.75249136499858	2.00925353461352e-06	0.000221702359791806
leptidea_sinapisG00000001901	9.84786410088562	-3.58017306329332	0.950901560804134	-3.76503016807095	0.000166528975010224	0.00781363288821335
leptidea_sinapisG00000000506	28.3100411957706	-1.31678291029366	0.386108910792164	-3.41039243977061	0.00064869465332413	0.0213558787345167
leptidea_sinapisG00000012145	40.6675037491038	-2.51923218027152	0.652050576666507	-3.86355333531127	0.000111749479662042	0.00566705315801295
leptidea_sinapisG00000004169	141.973650871702	0.961684561791806	0.206803059458877	4.65024339730833	3.31543517965567e-06	0.000330620056621033
leptidea_sinapisG00000003142	6.69674108843056	2.99293257758271	0.751173189185858	3.98434425066013	6.76667199812945e-05	0.00383865274198971
leptidea_sinapisG00000003995	248.388029828024	-1.26372094067553	0.351778095012879	-3.59238098844463	0.000327670314974269	0.0129181900010196
leptidea_sinapisG00000008497	127.50252336927	-1.80524007439797	0.511429255599409	-3.52979430611997	0.000415882865251063	0.0156987964285185
leptidea_sinapisG00000013873	2.68086293119069	-1.92495745100168	0.607955827115186	-3.16627847805293	0.00154402899177763	0.0381861948434462
leptidea_sinapisG00000009119	27.6447526363436	-5.64103901371097	1.04232558864029	-5.41197402729953	6.23337319029809e-08	1.39087333786185e-05
leptidea_sinapisG00000003775	104.121106670724	-0.780572878448236	0.225814208761601	-3.45670399896009	0.000546825139781555	0.018803668590913
leptidea_sinapisG00000008320	282.033677978844	-1.61226744702058	0.509798737147085	-3.16255676905574	0.00156390240164798	0.0383401816901646
leptidea_sinapisG00000001611	262.624691555003	2.42771699127794	0.75853033139682	3.200553611096	0.00137163849742302	0.0355823940998183
leptidea_sinapisG00000014350	3.112881304766	2.58410093340411	0.753149486068325	3.43105981110592	0.000601228022625657	0.0201904032614857
leptidea_sinapisG00000014356	10.0764849513808	1.73823621296238	0.474405990278322	3.66402669566335	0.000248280890991234	0.0105189385081982
leptidea_sinapisG00000005340	105.645294580566	-2.86332879341209	0.791766800448172	-3.6163789537416	0.000298752923098404	0.012095879438835
leptidea_sinapisG00000009275	137.324576848803	0.711000319059327	0.219987444295743	3.23200408703091	0.00122925297918947	0.0330024843958328
leptidea_sinapisG00000002188	117.810599473082	2.63126697426494	0.791431323029649	3.32469400401324	0.00088515625873994	0.0264117323946496
leptidea_sinapisG00000004835	15.6212002366126	3.74095805239886	0.689904890441958	5.42242576364748	5.87956349800906e-08	1.36486553771967e-05
leptidea_sinapisG00000011988	2.43516243476938	1.5876621613441	0.514242553506091	3.08737997374869	0.00201929299716161	0.0463975308569787
leptidea_sinapisG00000001550	33.6236683698526	-0.96863002551312	0.223321577806624	-4.33737767315913	1.44192737193688e-05	0.00106458770158958
leptidea_sinapisG00000006918	127.889890300896	-4.9484399362202	1.05405245541976	-4.69468090584692	2.67023211863057e-06	0.000279289590658016
leptidea_sinapisG00000010582	12.2076733786306	-2.47085209130271	0.74241115125226	-3.32814517553381	0.000874262946746526	0.026361784529375
leptidea_sinapisG00000013175	144.611432244478	-0.669035938117766	0.201874489295308	-3.31411829425897	0.00091932604672688	0.0272299493663262
leptidea_sinapisG00000010918	7.74043273604342	4.1017965605045	0.714622422071518	5.73980949074391	9.47831157314111e-09	2.8839917123003e-06
leptidea_sinapisG00000013351	394.072428254375	-0.771188544822045	0.251340942870674	-3.06829653781817	0.00215282872380921	0.0483505443307371
leptidea_sinapisG00000014173	512.198762222129	-7.58017845430486	1.30665697905513	-5.8011999903649	6.58420143826176e-09	2.13264408521246e-06
leptidea_sinapisG00000008663	807.593034971426	-5.63921733309802	1.10076303984254	-5.12300752204097	3.00700348611553e-07	4.94972491870264e-05
leptidea_sinapisG00000008662	63.4677371823963	-4.47270154431745	1.05765133767727	-4.22889981318424	2.34836886800691e-05	0.00159324133808496
leptidea_sinapisG00000002119	21.693031910787	-3.76837548986223	0.844315228645808	-4.46323288033819	8.07322259328546e-06	0.000659050634627474
leptidea_sinapisG00000008027	4.79051199602595	1.96243157884371	0.568068343474729	3.45456950978824	0.000551172116814625	0.0188838091063024
leptidea_sinapisG00000013956	3.54319398752346	1.53331857354036	0.421556087536101	3.63728248476319	0.000275529700493685	0.0114322054655252
leptidea_sinapisG00000009132	12.0252748584338	-1.77529903204753	0.564483127628242	-3.14499928369287	0.00166087236625553	0.040088508244163
leptidea_sinapisG00000006314	889.996835726256	-3.82799763966939	0.90246651587043	-4.24170600498931	2.21827148473754e-05	0.00151521523661562
leptidea_sinapisG00000001630	100.915739254482	-3.01728558661646	0.856021867514826	-3.52477629499833	0.00042384055558991	0.0158973726303765
leptidea_sinapisG00000014374	18.1428816517044	-1.37471637152306	0.444775933640106	-3.09080655572391	0.00199613632942859	0.0459706534031937
leptidea_sinapisG00000014372	28.539833360214	-2.83665009850267	0.758664839590615	-3.73900298323218	0.00018475153489407	0.0083940731306396
leptidea_sinapisG00000000909	44.3726692597618	-4.36263172614912	0.971028411611694	-4.49279513758831	7.02943992443566e-06	0.000588188385677154
leptidea_sinapisG00000001491	19.5980357248895	-2.45989836709923	0.735392800411006	-3.34501284990064	0.000822787582878423	0.0252022336569016
leptidea_sinapisG00000005328	15.5780396776406	-2.29160579930087	0.686805701997428	-3.33661440584466	0.000848055169107251	0.0257260481963925
leptidea_sinapisG00000005322	24.3441872825065	-2.24899059906878	0.54420407999156	-4.13262355383969	3.5864586294465e-05	0.0022792171581185
leptidea_sinapisG00000005498	79.8192075457525	3.56299203480026	1.05954890164846	3.36274430491781	0.000771718075030884	0.0240646620850469
leptidea_sinapisG00000014994	34.4329715760654	-1.26624217033816	0.39882539669215	-3.17492863002293	0.00149873358684336	0.0376219598637353
leptidea_sinapisG00000014995	3.26781946397215	-1.73974019810574	0.556874572846439	-3.12411498555794	0.00178340748581311	0.0424341103437191
leptidea_sinapisG00000010415	231.272565581363	0.735138190611976	0.234783622501432	3.13113062478407	0.0017413468804572	0.0418298182456238
leptidea_sinapisG00000004818	55.6164485430197	-1.85500061062157	0.598183486783781	-3.10105620032282	0.00192831688213551	0.0450284414267968
leptidea_sinapisG00000001493	48.7854545415154	-1.35574755604136	0.347095515901604	-3.90597830836192	9.38449305789872e-05	0.00488236760592544
leptidea_sinapisG00000002240	14.1937928710176	-4.66218324830917	1.02064008448386	-4.56790137795427	4.92631709229814e-06	0.000433904823892681
leptidea_sinapisG00000007232	74.3645975242373	-0.870247011671789	0.26745632805677	-3.25379106934823	0.00113875998562249	0.031241226818676
leptidea_sinapisG00000007169	22.1635658422287	-4.71241758058125	1.08114398716956	-4.35873263552838	1.30817814009739e-05	0.000980254977964022
leptidea_sinapisG00000011619	6.66573239833461	-3.01888005921494	0.831811333969045	-3.62928459367119	0.000284207775229597	0.0117422804756151
leptidea_sinapisG00000014919	18.1915579856198	-1.24572811563982	0.366106285991816	-3.40264060821854	0.000667380048419691	0.0217570229421497
leptidea_sinapisG00000006000	562.744175248702	-7.34574341466504	1.24779579078711	-5.88697563247216	3.93326678416737e-09	1.5189973761471e-06
leptidea_sinapisG00000013114	17.2488860930739	-4.61159728326591	0.930981676606237	-4.95347803200257	7.28985916833893e-07	0.000107643346925428
leptidea_sinapisG00000009331	288.418125259977	-1.07098141050024	0.26763252872577	-4.00168625091765	6.28926599345195e-05	0.00360875739539167
leptidea_sinapisG00000011281	20.0163576653452	-0.903346678763606	0.281196924989834	-3.21250553787623	0.00131582611694288	0.0345869372780719
leptidea_sinapisG00000001969	12.0577974610396	2.04013922352873	0.534171490597443	3.81925890737249	0.000133853213305128	0.00652436948930483
leptidea_sinapisG00000005304	79.9603491219447	-4.90473953041648	1.06185591734468	-4.61902547257209	3.85546529669457e-06	0.000361318000115435
leptidea_sinapisG00000003413	70.2855986994118	-1.75291956306136	0.547447329989804	-3.20198760142644	0.00136482872316811	0.0355312112953562
leptidea_sinapisG00000006535	24.4777234769465	-3.66360396997137	1.05511732948222	-3.47222424236858	0.000516164990983522	0.0181853076297037
leptidea_sinapisG00000008141	10.9678174364019	-2.81914367917231	0.866631696254073	-3.25298935102163	0.00114197776763633	0.031244138323805
leptidea_sinapisG00000002329	2.89200345869925	-2.2971317218973	0.615609590436404	-3.73147487885767	0.000190361995616059	0.00853314641955735
leptidea_sinapisG00000012200	333.467538510712	-5.01734182103618	0.972411477814985	-5.1596900442909	2.47359019706164e-07	4.20971511333829e-05
leptidea_sinapisG00000003057	242.823404204747	-2.01305142486141	0.575598244858113	-3.49732029735016	0.00046995721440423	0.016733476559691
leptidea_sinapisG00000003052	12.082419541046	-2.97653735865405	0.932764592992765	-3.19109170847047	0.00141736282754655	0.0363054595698849
leptidea_sinapisG00000001872	91.3409698087797	-2.75236432641888	0.787994602504052	-3.49287205479904	0.000477855404401516	0.0169545799137655
leptidea_sinapisG00000002300	21.1802255235892	-3.59212567328783	0.737916699665467	-4.86792841917836	1.12774160543685e-06	0.000143337385572043
leptidea_sinapisG00000000651	138.07449748589	-5.61309767409635	1.07438350998327	-5.22448233981527	1.7464299393168e-07	3.18834600375999e-05
leptidea_sinapisG00000001773	80.2791733236604	-2.14066015507856	0.57027581997265	-3.75372772280828	0.000174224106826988	0.008024698424999
leptidea_sinapisG00000001513	2128.52992333018	-5.83575840281779	1.18458655892692	-4.92640943698044	8.37544038295487e-07	0.000112324661881593
leptidea_sinapisG00000008449	109.944560036118	-5.40204433466673	0.996090128864719	-5.42324853758328	5.85255274591657e-08	1.36486553771967e-05
leptidea_sinapisG00000004116	232.432842885977	-8.3944622633017	1.29008464147351	-6.50690814651796	7.67132853600725e-11	6.41898415250407e-08
leptidea_sinapisG00000012666	4.47986497314023	1.46314389940829	0.464521688355027	3.1497859757412	0.00163390110709472	0.0396280217785944
leptidea_sinapisG00000008003	3.60958651710914	-2.61260330892942	0.853812514389965	-3.0599262307558	0.00221391515079969	0.0488569714927026
leptidea_sinapisG00000008556	4.79669090654222	3.11872832393673	0.623720844765766	5.00019896738892	5.72711820546334e-07	8.91380537500262e-05
leptidea_sinapisG00000003070	7.42924424780438	2.00503651883465	0.369975828431342	5.41937165823992	5.98088673037204e-08	1.36486553771967e-05
leptidea_sinapisG00000007693	216.785386398329	0.676856893381474	0.220689085832532	3.06701571048738	0.00216207493322388	0.0483505443307371
leptidea_sinapisG00000009481	5.35232143376411	-2.62272207102226	0.717180969406352	-3.65698782162781	0.000255196500106393	0.0107214563078171
leptidea_sinapisG00000001756	76.5156613060193	-4.05411646625141	0.856913033801907	-4.73107107294694	2.23338304021515e-06	0.000238568075604258
leptidea_sinapisG00000006759	148.607573059504	-2.10192652497359	0.398389504147178	-5.27605899024154	1.31991615276001e-07	2.54870732497371e-05
leptidea_sinapisG00000010299	20.1456370640227	-2.24454125056429	0.701033437038366	-3.20176061793392	0.00136590454735659	0.0355312112953562
leptidea_sinapisG00000007370	58.2931725490781	-2.16404532819564	0.59744663856228	-3.62215667227334	0.000292157078192652	0.0119249968379366
leptidea_sinapisG00000005565	92.2116140706217	-7.18437483940016	1.1730881593781	-6.12432644722022	9.10680153607001e-10	5.08007745687106e-07
leptidea_sinapisG00000009379	51.4564379886042	-4.20015235584672	1.06287692524903	-3.9516826982227	7.76035927889718e-05	0.00420684229853936
leptidea_sinapisG00000012939	42.6143082893642	-2.94487447894142	0.795538358959	-3.70173788074145	0.000214127769488712	0.00926748678205238
leptidea_sinapisG00000009190	86.8295919542915	-2.84209331428134	0.838588087950213	-3.38914105163162	0.000701119353213192	0.0224483550720843
leptidea_sinapisG00000015553	723.805294915889	-6.92994721701099	1.15784914097182	-5.98519010101306	2.16137272500866e-09	9.42919184551464e-07
leptidea_sinapisG00000007397	36.2883000016949	-0.883231388010196	0.271770503229199	-3.24991629891974	0.00115438979801346	0.0314125419020412
leptidea_sinapisG00000012786	267.594607550109	-5.71253702909831	0.95979678932536	-5.95181927323766	2.65178107091475e-09	1.0650613493222e-06
leptidea_sinapisG00000015110	7.6682846719866	-2.72942023726981	0.840410436664682	-3.247722919889	0.00116332496382134	0.031570124220892
leptidea_sinapisG00000014245	133.719333149697	-1.99599045157899	0.404969097745708	-4.92874755799845	8.27584236145498e-07	0.000112324661881593
leptidea_sinapisG00000002012	47.8980724925053	-0.67020606538801	0.196192275796499	-3.41606754224709	0.000635324867749406	0.0209845295956309
leptidea_sinapisG00000005703	5.50595594494876	2.22482366923012	0.530823391289819	4.19126908447675	2.77398425708213e-05	0.00184460767717627
leptidea_sinapisG00000014880	3.10017367285126	2.2218778282029	0.679747747525071	3.26867994236488	0.00108050448211955	0.0300535886564056
leptidea_sinapisG00000005149	14.2560737132338	-2.4789519356687	0.784991309904037	-3.15793551392531	0.00158890701713815	0.0386300614021407
leptidea_sinapisG00000013687	24.6246992512021	-3.34043373731668	0.897873746718098	-3.72038245858799	0.000198921307202586	0.00876717855165447
leptidea_sinapisG00000002267	24.5133282376617	-2.50661722165364	0.466900059594341	-5.3686376134359	7.93336452981452e-08	1.66361358853172e-05
leptidea_sinapisG00000004048	7.17824732350536	1.34255172302331	0.431521330049037	3.11120593475818	0.00186324949335271	0.0438147263764744
leptidea_sinapisG00000007041	18.310718502077	1.35690611255339	0.412586753936159	3.28877769246889	0.0010062346712286	0.0292011628144694
leptidea_sinapisG00000001207	5.12983818349821	1.62839357522887	0.480522639321707	3.38879678494955	0.000702000148653967	0.0224483550720843
leptidea_sinapisG00000001279	4.80277916688662	-2.89891986141017	0.817217625122478	-3.54730462522232	0.000389194296962898	0.0149156486099407
leptidea_sinapisG00000009028	21.9181469365948	-2.59302916017593	0.64373745334225	-4.02808496959911	5.62330218827857e-05	0.00330196358318743
leptidea_sinapisG00000001860	3582.09023903257	0.623607622759885	0.181966329374714	3.42704952560604	0.000610177772742624	0.0204226500536956
leptidea_sinapisG00000001499	114.457187221164	0.556372229853993	0.17509966066627	3.17746035450295	0.00148571001010208	0.0373885067955764
leptidea_sinapisG00000011166	2.79550882074481	-1.69947040300863	0.534767171335886	-3.1779632223183	0.00148313562687714	0.0373885067955764
leptidea_sinapisG00000008355	7.23446378538111	1.39001253149483	0.360025896304573	3.8608681924339	0.000112984844145147	0.00570090864352473
leptidea_sinapisG00000015430	20.5196637920971	5.38715260319537	0.917764726064314	5.86986234075187	4.36157132226974e-09	1.62201991284854e-06
leptidea_sinapisG00000011781	32.0890385282665	-3.82063227876008	0.92746129545206	-4.11945198952787	3.79774541501934e-05	0.00236851936100678
leptidea_sinapisG00000009406	89.6966331313622	-0.819359585990069	0.189249660832026	-4.32951680012423	1.49436870525538e-05	0.00109525227514375
leptidea_sinapisG00000011894	25.4036623178912	-2.693529595085	0.587387270457884	-4.58561111306571	4.52660461474862e-06	0.00040581818693474
leptidea_sinapisG00000002248	5.37678698292681	-3.20004291189747	0.980811661180703	-3.26264770144072	0.00110376638729173	0.0306157963944647
leptidea_sinapisG00000006004	5.58022365912774	2.14850789837673	0.573015802761273	3.74947407736996	0.000177205812445	0.00812476512675913
leptidea_sinapisG00000008722	8.14797880891657	-2.89288395212708	0.811168966641091	-3.56631487531631	0.000362036345707375	0.014089949407937
leptidea_sinapisG00000000463	413.691360782412	-1.6454124763666	0.465347224121877	-3.53588114653855	0.000406417498028204	0.015399389047929
leptidea_sinapisG00000012785	67.5103257171292	-1.56342034142306	0.420394338173369	-3.71893767222506	0.00020006240525941	0.00877216860790279
leptidea_sinapisG00000005296	23.0313009912162	-3.76353599836244	0.947641101081073	-3.97147822532073	7.14280303569653e-05	0.00396495581373091
leptidea_sinapisG00000008797	15.5448462156937	-1.15360540757256	0.351207595087986	-3.28468240353275	0.00102097387467943	0.0293819863890096
leptidea_sinapisG00000009742	74.7799878415249	-1.69946989788722	0.417680308154866	-4.06882935275249	4.72499360998424e-05	0.00287537338411223
leptidea_sinapisG00000004365	7.36213463156159	2.12868550831526	0.665854975241064	3.19692063207097	0.00138903140298211	0.0357622161983163
leptidea_sinapisG00000004504	46.8251132946779	0.803093974517094	0.239881710113713	3.34787497611384	0.000814337394319825	0.0250820913385441
leptidea_sinapisG00000006768	253.259131145582	-1.81586903346119	0.54903024326468	-3.30741166946204	0.000941624025259567	0.0276457509872261
leptidea_sinapisG00000007366	20.8406559070576	1.60183536951905	0.419297554877117	3.82028311609997	0.000133298575748352	0.00652436948930483
leptidea_sinapisG00000008733	12.8556816333427	-2.88076017223594	0.673274494245292	-4.27873058738863	1.87962203488611e-05	0.00132910456706278
leptidea_sinapisG00000014213	6.69879662921329	3.86482540226218	0.786809777961391	4.91202004666982	9.01428339230357e-07	0.000117548596807948
leptidea_sinapisG00000006450	4.45957263273149	2.27417310425054	0.547633030600603	4.15273180610818	3.28529688121529e-05	0.00211459397335146
leptidea_sinapisG00000012996	101.434610554222	-5.12098513943958	0.966583685393695	-5.29802563070757	1.17061537837478e-07	2.30473510083553e-05
leptidea_sinapisG00000010847	89.2254436784063	0.577194635559731	0.182171076930157	3.16842083434036	0.00153269484482283	0.0380174536357838
leptidea_sinapisG00000011889	122.848559819258	-1.38529351704501	0.406741753887727	-3.40583061316934	0.000659630916410652	0.0216449478159456
leptidea_sinapisG00000011332	70.3899107456041	2.20768393263334	0.590335185869601	3.739712599684	0.000184230774277068	0.0083940731306396
leptidea_sinapisG00000001107	42.9576744243692	-1.17723262325017	0.297032395141372	-3.96331390954805	7.39164852907342e-05	0.00407799686156188
leptidea_sinapisG00000001227	8.00786620556703	3.64152878931138	0.54784797144377	6.6469695593007	2.99188875754172e-11	4.29165071635377e-08
leptidea_sinapisG00000013019	27.1673925805629	-3.44113288496916	0.679295071762197	-5.06574098357923	4.06814765079626e-07	6.58843073574924e-05
leptidea_sinapisG00000004438	12.9870734630971	1.87504715189519	0.57684878981775	3.25050027839635	0.00115202155659347	0.0314125419020412
leptidea_sinapisG00000003354	46.5572169227921	-5.23837615227427	1.06221977884313	-4.93153701014628	8.15851058739196e-07	0.000112324661881593
leptidea_sinapisG00000009284	95.0544044973417	0.665556802876975	0.217996343232608	3.0530640698262	0.00226517569762577	0.0497694292775937
leptidea_sinapisG00000004523	4.87491120302021	-2.45351956183504	0.764975602040759	-3.207317403705	0.00133979083489297	0.0350334369092716
leptidea_sinapisG00000000996	2211.32395614135	0.661972144907442	0.184287382874618	3.59206438651214	0.000328068763097301	0.0129181900010196
leptidea_sinapisG00000012575	10.5908314354355	-2.46117808495863	0.771130472876329	-3.19164936612917	0.00141462946904778	0.0363054595698849
leptidea_sinapisG00000001827	16.3031652816631	-1.91104193462327	0.5927506935536	-3.2240231102327	0.00126403198210827	0.0336775226954089
leptidea_sinapisG00000010219	14.8901127715113	2.05423586306844	0.476089289147554	4.31481217892254	1.59738655548763e-05	0.00116227234809067
leptidea_sinapisG00000005469	60.7883089062883	-0.624689069644967	0.204039038743248	-3.06161543150104	0.00220146090782322	0.0488119532752887
leptidea_sinapisG00000003154	294.067433628942	-7.99088575126699	1.32166776071274	-6.0460623984334	1.48428630031268e-09	7.45185937071981e-07
leptidea_sinapisG00000005805	7.61916032499796	-3.49019954807834	0.90193404502509	-3.86968378378626	0.000108976606188582	0.00557283245297644
leptidea_sinapisG00000011533	6.3098277267377	-3.20141906578255	0.858529541270096	-3.72895621162484	0.000192274556686904	0.00858057254974758
leptidea_sinapisG00000014576	27.4494596077015	2.60200035538578	0.49680055776293	5.23751496395751	1.62753108359879e-07	3.0834037000784e-05
leptidea_sinapisG00000009858	70.5607425835741	-3.66149860777829	0.924179031040911	-3.96189318822168	7.43578059447938e-05	0.00407992748356106
leptidea_sinapisG00000009631	14.19264346121	-4.36654063610345	0.981760677790771	-4.44766299453891	8.68095830165017e-06	0.000702947599248946
leptidea_sinapisG00000009630	170.154684726158	-3.38124737466277	0.629866412966418	-5.36819761310728	7.95273899507248e-08	1.66361358853172e-05
leptidea_sinapisG00000013437	19.255542486554	-3.37470793717028	0.945058120851668	-3.57089988722499	0.000355756863113965	0.0138994344845421
leptidea_sinapisG00000004325	29.8453269534708	-0.574445136222983	0.169331627987419	-3.39242670167715	0.00069276464268903	0.0223667195409664
leptidea_sinapisG00000003096	5.16317254843712	-3.1515128757618	0.885292551829482	-3.55985472739955	0.000371060004000896	0.0143300519237423
leptidea_sinapisG00000006252	119.231283059329	-2.07813341876366	0.620176012695614	-3.35087680952218	0.000805561299167012	0.0248881261690338
leptidea_sinapisG00000003238	114.294365723949	-4.74325139777587	0.960548073827291	-4.93806767929527	7.89004624105385e-07	0.000112324661881593
leptidea_sinapisG00000011272	949.18044934662	-3.07892709934825	0.841089869034539	-3.66063985871386	0.000251586179535533	0.0106141883559508
leptidea_sinapisG00000011273	14.1490466434269	-2.71746904521088	0.687847523797776	-3.95068521902509	7.79277629248402e-05	0.00420684229853936
leptidea_sinapisG00000013660	57.2267921594651	-4.37174581379117	0.947576959507712	-4.6136050163803	3.9574416372986e-06	0.000364556619083626
leptidea_sinapisG00000013843	9.2252208435209	2.2312868925914	0.681806405932734	3.27261063136965	0.00106559161205992	0.0298039146983111
leptidea_sinapisG00000001375	8.98383328783624	-3.6319304825836	1.05160045241936	-3.45371711682685	0.000552917027910857	0.0188838091063024
leptidea_sinapisG00000008049	67.8309603291096	-1.74797260313425	0.424111326407284	-4.12149474512178	3.76422059090546e-05	0.00236228368458011
leptidea_sinapisG00000006063	5.94973655550088	2.01635730187559	0.613755720673104	3.28527659125403	0.00101882303365294	0.0293819863890096
leptidea_sinapisG00000005449	17.3072704937734	2.12779291085069	0.640471512943288	3.32222880776135	0.000893014320899658	0.0265288662608091
leptidea_sinapisG00000005443	20.7539237653253	2.08171313139604	0.523100055340244	3.97956970209459	6.90401163655942e-05	0.00389456072149961
leptidea_sinapisG00000011517	267.309134302864	-1.17219485870639	0.342839508207655	-3.41907752940889	0.000628338206798332	0.0208222572094457
leptidea_sinapisG00000001100	10.8484860914201	-4.26682683966616	0.977071999556496	-4.36695232449904	1.25992214849079e-05	0.000955041330469642
leptidea_sinapisG00000010648	3.4561784484703	-2.18328636528649	0.7038349378084	-3.10198634367996	0.00192226825951875	0.0449918312210437
leptidea_sinapisG00000014553	19.9434935558284	-1.7487341996629	0.5286948721742	-3.30764357988082	0.000940844686648264	0.0276457509872261
leptidea_sinapisG00000002284	30.8494167070129	-3.64779140621178	1.14385250803082	-3.18904000349798	0.00142746122349734	0.0363932179638451
leptidea_sinapisG00000013412	85.8735093584961	-5.99833008460795	1.10496889715732	-5.42850581590075	5.68277944254608e-08	1.36486553771967e-05
leptidea_sinapisG00000012466	3.39022530199016	1.57543328256508	0.483946724993154	3.25538577120728	0.00113238438152725	0.0311514289723701
leptidea_sinapisG00000003933	14.3844064142445	-2.05863001486608	0.588615398065114	-3.49741107968492	0.000469797298949743	0.016733476559691
leptidea_sinapisG00000015289	10.8062121452862	-3.65987667145909	0.851335599834467	-4.29898229578408	1.71584176638981e-05	0.00123947965297267
leptidea_sinapisG00000001688	5.15133804930511	1.2495298925722	0.38343006975555	3.25882081540662	0.00111876304382757	0.0308612629754742
leptidea_sinapisG00000010826	362.522128715689	-3.02512273009958	0.897872819145965	-3.36921072293624	0.000753837732310822	0.0236540145941655
leptidea_sinapisG00000010828	1626.71712651217	-5.52969177032795	1.16441852093939	-4.74888682281257	2.04539360443033e-06	0.000223236925892228
leptidea_sinapisG00000006442	2.53853987711007	-2.0283660914957	0.641680185788308	-3.16102341387376	0.00157215860451354	0.0383401816901646
leptidea_sinapisG00000005844	23.5966064001453	1.08115331568662	0.335027800596431	3.22705552721865	0.00125071186352334	0.0334890608577009
leptidea_sinapisG00000011064	10.9348554903131	-2.53224256237002	0.772050826359965	-3.27989100705836	0.00103847197244248	0.0294520396704574
leptidea_sinapisG00000011063	7.74730068982011	1.29015732796205	0.404727629534722	3.18771745196942	0.00143400587391362	0.0363932179638451
leptidea_sinapisG00000014618	13.1039100638246	1.57894380659513	0.489797746423484	3.22366490684087	0.00126561403699074	0.0336775226954089
leptidea_sinapisG00000015222	8.26158811167751	-3.05878944831235	0.852755145938213	-3.5869492701179	0.000334569382089909	0.0131226998654874
leptidea_sinapisG00000007890	11.4593512236255	-3.64375541432344	0.950978933450258	-3.83158373561808	0.000127321025953864	0.00626681579217032
leptidea_sinapisG00000012269	70.9204996083875	-0.872338178534811	0.275983292149257	-3.16083691784876	0.00157316550705585	0.0383401816901646
leptidea_sinapisG00000004582	4.93496081714202	1.87113471462016	0.542345982098659	3.45007573833151	0.00056042929879259	0.0190110492877581
leptidea_sinapisG00000006983	18.4283841311626	2.32947496630767	0.747004691429828	3.11842079846763	0.0018182300285194	0.0431284832799692
leptidea_sinapisG00000009973	4.44876351302955	-1.87814802212504	0.584239104971724	-3.21469070820916	0.00130585140469605	0.0344148397757298
leptidea_sinapisG00000009753	4477.04156864668	2.41494898571957	0.785369456467343	3.0749209379522	0.0021055836187745	0.0477169730502946
leptidea_sinapisG00000011005	42.3737676713305	-5.67324911141795	1.16702939668201	-4.86127352708305	1.16632962875138e-06	0.000144581676571514
leptidea_sinapisG00000010359	360.899898276071	0.743796338238104	0.197638796096464	3.76341261396406	0.000167610313071101	0.00782779141184615
leptidea_sinapisG00000006647	144.387704686595	0.455013092425747	0.129172871468403	3.52251279431417	0.000427476407748397	0.0158973726303765
leptidea_sinapisG00000000724	3.66792037473185	-2.62439732800036	0.779977609889478	-3.36470854384171	0.000766245535851566	0.0239684468083663
leptidea_sinapisG00000011910	19.0684060608597	0.733437378255543	0.23015361213671	3.18672981686634	0.00143891121717424	0.0363932179638451
leptidea_sinapisG00000005231	3.89774605603124	-2.57969968958079	0.75965124981918	-3.39590001358497	0.000684033420625419	0.0221560631499994
leptidea_sinapisG00000012857	6.47377568744052	-1.42585965758665	0.394001694436609	-3.61891757756402	0.000295837835654914	0.0120263469951862
leptidea_sinapisG00000012582	27.5857441914616	5.78830966293841	0.880898309298492	6.57091698535324	5.00063349608069e-11	5.10872420000934e-08
leptidea_sinapisG00000003702	66.0473258470902	-4.69657452644788	1.03759680261001	-4.52639649103963	5.99979654209658e-06	0.000514905616061468
leptidea_sinapisG00000002882	114.531973757035	0.558187062591823	0.179024145393422	3.11794289739608	0.00182118084958738	0.0431284832799692
leptidea_sinapisG00000008308	156.129671416577	-1.08660365378792	0.337122886520594	-3.22316786321638	0.00126781232734434	0.0336775226954089
leptidea_sinapisG00000015055	341.750374087811	-5.39239389225969	1.08525828687299	-4.96876546116692	6.73805092836797e-07	0.000102510256623853
leptidea_sinapisG00000006964	76.8523147619977	-4.76957800710341	1.06289661868661	-4.48733952413644	7.21180958320557e-06	0.000595180293384411
leptidea_sinapisG00000001464	35.3603466708033	-1.80185175281377	0.472248081310503	-3.81547712764354	0.000135920046235327	0.00653001523564076
leptidea_sinapisG00000010160	189.573615423424	-1.91357062012604	0.471279648725387	-4.06037185204463	4.89946225610851e-05	0.00294583835410692
leptidea_sinapisG00000014099	22.6201553752649	-1.24392514128835	0.32599411592125	-3.81579016471832	0.000135747829193214	0.00653001523564076
leptidea_sinapisG00000009221	142.680798806198	-1.61056669938055	0.269016835607793	-5.9868621075026	2.13927999319457e-09	9.42919184551464e-07
leptidea_sinapisG00000006159	159.60146036664	-3.38259717631654	0.695408369751852	-4.8641881856032	1.14927529760079e-06	0.000144248415790119
leptidea_sinapisG00000014650	4.97862066680462	3.26528374302833	0.791881505755372	4.12344993448683	3.73239614879286e-05	0.00235704337924711
leptidea_sinapisG00000007597	19.7630470884959	-3.97112527381158	0.992365515473242	-4.00167600737095	6.2895383347629e-05	0.00360875739539167
leptidea_sinapisG00000004134	30.0172539965985	-3.74485708513022	1.06766568846347	-3.50751843540054	0.000452307012890497	0.0163957209979548
leptidea_sinapisG00000004131	107.971333097479	-1.01020608370608	0.270457645130708	-3.73517296291573	0.000187586213883866	0.00844642678747936
leptidea_sinapisG00000012837	123.134776744044	-7.61327221771203	1.23583177108422	-6.16044383697369	7.2541339677887e-10	4.56075994739873e-07
leptidea_sinapisG00000000259	34.4203281566033	-3.60838833346189	0.908609670584117	-3.97132943912227	7.1472662313046e-05	0.00396495581373091
leptidea_sinapisG00000000797	64.6906756003096	0.751606500301922	0.21691222334344	3.4650260308839	0.000530180158863002	0.0183678581878334
leptidea_sinapisG00000007953	25.6813922311642	-2.59987771752016	0.705009712012941	-3.68771901041902	0.000226273317422224	0.00970944606938696
leptidea_sinapisG00000015266	264.081902381868	-4.16673841712827	0.831456233165508	-5.01137432245197	5.40426736253141e-07	8.61337279161553e-05
leptidea_sinapisG00000011972	9.14038220126453	3.45637450078403	0.691447759292913	4.99875002027425	5.77031520142586e-07	8.91380537500262e-05
leptidea_sinapisG00000011970	6.36180253960484	1.01676018071702	0.288508564825165	3.52419409570449	0.000424772971490031	0.0158973726303765
leptidea_sinapisG00000009502	147.357110976117	-5.57294343893655	1.07497796073304	-5.18423971700433	2.16897815703969e-07	3.75494994393716e-05
leptidea_sinapisG00000009846	120.146573436607	-0.904044905235283	0.292138606812246	-3.09457526035339	0.00197094923313849	0.0458108825230175
leptidea_sinapisG00000004637	44.1019287309032	-1.74574970963356	0.519973588167093	-3.3573815081403	0.000786844610462749	0.0244603923642615
leptidea_sinapisG00000008243	6.8006580714074	-2.7383285460847	0.875894275396451	-3.12632314538792	0.00177006933893104	0.0424182964969131
leptidea_sinapisG00000008248	18.383157953519	-2.43790549643123	0.728852512124592	-3.34485435101923	0.000823257906529603	0.0252022336569016
leptidea_sinapisG00000001665	14.0373053167258	-3.54485345675758	0.892117322922734	-3.97352833049359	7.08157307338664e-05	0.00396495581373091
leptidea_sinapisG00000013829	6.10476463669371	-3.42660585817987	0.743369982830054	-4.60955639496577	4.0352906468816e-06	0.000368348667139437
leptidea_sinapisG00000014461	3.06028439377036	2.33926885870267	0.764207578688836	3.06103855017533	0.00220570693541559	0.0488119532752887
leptidea_sinapisG00000012153	9340.02910643954	-7.26459828932629	1.18194746628691	-6.14629541205249	7.93135077266125e-10	4.6846290063701e-07
leptidea_sinapisG00000012567	54.1521641684919	0.905800309868942	0.26386803246136	3.43277774658658	0.000597431614964145	0.0201669214973493
leptidea_sinapisG00000000096	5.44363391737789	-2.3914598053325	0.745102313319486	-3.20957238030622	0.00132932573208869	0.0348505474566646
leptidea_sinapisG00000001509	10.7965537883908	-2.23930649849942	0.681757651228706	-3.28460779936038	0.00102124422365943	0.0293819863890096
leptidea_sinapisG00000011354	9.2834139466634	-2.32240876293971	0.54469482164386	-4.2636879784001	2.01080185891735e-05	0.00140211537954091
leptidea_sinapisG00000014011	417.351812758468	3.39995565638609	0.872674826829281	3.89601665117266	9.77876688963958e-05	0.00506126795561191
leptidea_sinapisG00000009521	221.770192785846	-1.82446235895043	0.504944927567267	-3.61319078446903	0.000302451991735017	0.0121964676667121
leptidea_sinapisG00000009385	3.25421320016536	-1.9330863143839	0.62541643451182	-3.09087866533729	0.00199565164535886	0.0459706534031937
leptidea_sinapisG00000003527	163.179791776252	-0.748268220249057	0.224017273346823	-3.3402255507797	0.000837103735821084	0.0255482024661991
leptidea_sinapisG00000005634	29.418602947631	1.03054550840177	0.325866659927414	3.16247605272451	0.00156433601351948	0.0383401816901646
leptidea_sinapisG00000005637	87.3646041976637	-5.88713882358559	1.00652904876826	-5.84895073896774	4.94683551300856e-09	1.71279915124548e-06
leptidea_sinapisG00000005638	4.72797310032832	-2.99998734735305	0.969720873324524	-3.09366069131636	0.0019770345504921	0.0458461984330051
leptidea_sinapisG00000005962	8.86487364490706	-3.95861233755733	1.12377366039114	-3.5226064438808	0.000427325403103567	0.0158973726303765
leptidea_sinapisG00000001605	90.7454867315791	0.78925035011236	0.222893615092359	3.5409284818918	0.000398721639801706	0.0151650150956399
leptidea_sinapisG00000014329	437.12639957145	-5.33797230033757	1.1502653833392	-4.64064413104527	3.47324821329535e-06	0.000335335435670179
leptidea_sinapisG00000003396	703.734682671494	-7.67797233824588	1.14699826216745	-6.69397033238481	2.1719546963108e-11	4.21621864041417e-08
leptidea_sinapisG00000000247	14.4780215372623	-4.15873611492879	0.943161309535417	-4.40935826447048	1.03677386782699e-05	0.000813300500535219
leptidea_sinapisG00000006514	12.182523567499	-1.12802068768061	0.311114945426591	-3.62573609613611	0.000288139502894731	0.0118090153002694
leptidea_sinapisG00000007704	6.32331054459719	-3.46924502589329	0.882149220888508	-3.93271902728548	8.39903909275635e-05	0.00446563843137677
leptidea_sinapisG00000000075	97.8988934968456	-3.36743375048117	0.937380528861229	-3.59238713286703	0.000327662586611401	0.0129181900010196
leptidea_sinapisG00000013167	3.17899329851109	-2.44002608552613	0.771617674747705	-3.16222160971616	0.00156570361776295	0.0383401816901646
leptidea_sinapisG00000002411	48.5513322495198	-2.79364745260276	0.852555783226534	-3.27679139308642	0.00104993910488576	0.0295306402021231
leptidea_sinapisG00000012450	3.03334306382923	2.22609982385401	0.643267331197457	3.46061383174873	0.000538945322071044	0.0185963916801215
leptidea_sinapisG00000003764	10.3678988650937	-1.62054233181906	0.490532401704425	-3.30363973141887	0.000954383940967451	0.0278574684629482
leptidea_sinapisG00000003766	59.9653355889324	-2.82814386863984	0.604420567659029	-4.67909932250233	2.8813784670815e-06	0.000295223685591483
leptidea_sinapisG00000014342	8.89708316578225	4.19242056086993	0.851035236276938	4.92625966841361	8.3818593306466e-07	0.000112324661881593
leptidea_sinapisG00000000681	1215.63169131988	-7.65465824338017	1.16385401998308	-6.57699171197729	4.80061523241334e-11	5.10872420000934e-08
leptidea_sinapisG00000008889	25.0073523304024	-4.5938702361931	1.03956595534215	-4.41902720321495	9.91461685253008e-06	0.000790100538224243
leptidea_sinapisG00000009821	2.89457878675259	-1.79887744391673	0.585946688902302	-3.07003602543894	0.00214032952240301	0.0482944915380869
leptidea_sinapisG00000014908	107.815522751234	3.20075948229941	0.846065195629089	3.7831121039313	0.000154879614481202	0.00731034201793241
leptidea_sinapisG00000014901	140.03478861154	-3.45662442113129	0.660571630480562	-5.23277758479669	1.66981618442133e-07	3.10493042736567e-05
leptidea_sinapisG00000000426	9.53335236009935	-1.90045017978071	0.618173621496042	-3.07429840694502	0.00210998267446776	0.0477169730502946
leptidea_sinapisG00000011441	408.124427206064	0.764972387171388	0.208232011276552	3.67365412494351	0.000239106341322694	0.0101731642933101
leptidea_sinapisG00000011447	46.4794748792861	1.02633004978372	0.330389972047263	3.10642009932706	0.00189367476634239	0.0444261409552429
leptidea_sinapisG00000014480	33.4663054224522	1.29734909230042	0.383827079781962	3.38003533528015	0.000724765113126847	0.0228413737926831
leptidea_sinapisG00000007168	2.99226459283657	1.78900542058408	0.569047206519927	3.14386117722104	0.00166734517129908	0.0401482322902016
leptidea_sinapisG00000002168	87.2070794449789	2.82059025230227	0.588907918864579	4.78952678670105	1.6717508195933e-06	0.000192943103213061
leptidea_sinapisG00000012414	270.435608285701	-8.07994235771219	1.23280131467242	-6.55413184715755	5.59665035356067e-11	5.10872420000934e-08
leptidea_sinapisG00000008037	20.3520147809602	-3.16308293681118	0.899871396445871	-3.51503887033645	0.000439689626841578	0.0160542674295138
leptidea_sinapisG00000002486	23.1875035318265	1.19130779553132	0.33479563251861	3.55831343010455	0.000373243767583999	0.0143591596563637
leptidea_sinapisG00000004255	81.7354584175053	-1.9480533837004	0.609107765942583	-3.19820808832707	0.00138284456566594	0.0356944531718553
leptidea_sinapisG00000008182	207.36187317721	-8.02587565713863	1.2028770085395	-6.67223298821167	2.51940163753461e-11	4.21621864041417e-08
leptidea_sinapisG00000010472	6040.215150826	0.872874457839435	0.23575484960449	3.7024666058993	0.000213513471369896	0.00926748678205238
leptidea_sinapisG00000000556	426.014572010418	-1.83831711004857	0.335168303485736	-5.48475822722541	4.14035281320422e-08	1.06598160506112e-05
leptidea_sinapisG00000003536	21.8455663630706	2.92596028768997	0.726156365728693	4.02938048302281	5.59240396849191e-05	0.00330196358318743
leptidea_sinapisG00000001303	3.88396498673568	-2.71757381066663	0.828433460079809	-3.28037668879867	0.00103668571383825	0.0294520396704574
leptidea_sinapisG00000002571	5.19913112893877	3.12141209331831	0.706669164062917	4.41707697470779	1.00044610075639e-05	0.00079098262186574
leptidea_sinapisG00000001302	220.712853470671	-7.90091405760952	1.18135484050655	-6.68801090637738	2.26224281475371e-11	4.21621864041417e-08
leptidea_sinapisG00000008981	4.64099355886269	1.90628999154558	0.576740219413266	3.30528360495632	0.000948803393104158	0.0277753203211628
leptidea_sinapisG00000003045	181.002124598448	-5.43109689456382	0.989413047760111	-5.4892109082845	4.03733313577577e-08	1.06598160506112e-05
leptidea_sinapisG00000000034	28.3869289888669	-4.41594597735812	0.952230429346414	-4.6374762255698	3.52689163000134e-06	0.000337271608160414
leptidea_sinapisG00000013952	111.616367664091	-5.79028414358732	1.11638818157453	-5.18662257371877	2.14142099658097e-07	3.75494994393716e-05
leptidea_sinapisG00000007204	14.7602501556936	3.6988436140648	0.774064722099172	4.77846814157087	1.76635742945683e-06	0.000201545397149727
leptidea_sinapisG00000000784	55.3832300900717	0.989003298387819	0.264650257357666	3.73701997595723	0.000186214134872741	0.00842241499214953
leptidea_sinapisG00000000788	25.5503532074936	1.68143678184004	0.39602303789186	4.24580547331486	2.17809539947169e-05	0.0014979627332942
leptidea_sinapisG00000001783	14.4076478221872	-4.68833731901627	1.00920728632918	-4.64556427854312	3.39148150900971e-06	0.000330620056621033
leptidea_sinapisG00000001787	7.19038168432706	-2.82416607567019	0.829458092614661	-3.40483274660413	0.000662045886078538	0.0216534291274091
leptidea_sinapisG00000001567	6.56537459167519	-3.5199507750089	0.895085192305701	-3.93253156824286	8.40559370112747e-05	0.00446563843137677
leptidea_sinapisG00000008394	52.2895536641699	-0.549948148336742	0.169600487946108	-3.24260947003581	0.00118440437494963	0.031883657718148
leptidea_sinapisG00000013925	12.8877197144314	-1.01791148828987	0.325671279088422	-3.12557954492971	0.00177455070002251	0.0424185199662623
leptidea_sinapisG00000008454	595.724712392405	-1.88558442317013	0.477198412061162	-3.95136357437933	7.77071656867518e-05	0.00420684229853936
leptidea_sinapisG00000009148	19.1471896095541	-4.86525512056243	1.16629304445993	-4.17155460514245	3.0252853743704e-05	0.00197252535350995
leptidea_sinapisG00000005693	39.4588734502423	-1.07836294688936	0.329310776860286	-3.27460569973046	0.00105809546890079	0.0296769178861251
leptidea_sinapisG00000004011	45.1067699460239	-3.14119011463825	0.90579421300323	-3.46788494510624	0.000524571830149555	0.0183527029495877
leptidea_sinapisG00000004017	7.52478229430424	-3.72101930070594	0.924461199419448	-4.02506811864327	5.69588252973013e-05	0.00332513700471048
leptidea_sinapisG00000014736	65.8333817226615	-0.598806653564637	0.180090584225926	-3.32503032370324	0.000884089188652762	0.0264117323946496
leptidea_sinapisG00000005053	14.7261780058933	-3.53119335584063	0.868894147085516	-4.06400868009655	4.82370307318477e-05	0.00291775919023182
leptidea_sinapisG00000003848	51.3136536577679	-0.611798052675296	0.191929734880017	-3.18761474379025	0.00143451528132399	0.0363932179638451
leptidea_sinapisG00000008843	7.4365829146123	-1.39501883294536	0.455760241827662	-3.06086118295695	0.00220701392161947	0.0488119532752887
leptidea_sinapisG00000001676	131.666340920124	3.19024695143606	0.972894449141972	3.27912956461993	0.0010412781678132	0.0294520396704574
leptidea_sinapisG00000006566	52.3379372788354	-1.13143784914842	0.340354779615433	-3.32428958519938	0.000886440973707491	0.0264117323946496
leptidea_sinapisG00000007313	77.1317784393862	-4.62873345460296	0.950335365346117	-4.87063159321358	1.11242084375119e-06	0.000143202790924432
leptidea_sinapisG00000010426	233.391089614274	-4.36642197363842	0.90710775221442	-4.81356483061595	1.48261473296989e-06	0.000177225411116079
leptidea_sinapisG00000010280	3.87299392179557	-2.4091133853619	0.536938691103051	-4.48675691523139	7.23155022337398e-06	0.000595180293384411
leptidea_sinapisG00000013508	103.061456299188	-7.53934182824593	1.223888513128	-6.16015408868982	7.26741949590476e-10	4.56075994739873e-07
leptidea_sinapisG00000004079	5.22504828365767	3.03248199771481	0.754125633608602	4.02118939148632	5.79050246527628e-05	0.00336083440773636
leptidea_sinapisG00000006364	317.685661421624	6.77524228241918	0.890823713200731	7.60559264646844	2.83601254108161e-14	9.49213397500014e-11
leptidea_sinapisG00000003667	128.046704909263	-3.58050462158107	0.847468638036436	-4.22494055930731	2.39003854071776e-05	0.00161062932800987
leptidea_sinapisG00000005719	90.39222030063	-2.73179340181849	0.620145499025969	-4.4050846230589	1.05742590483236e-05	0.000819921689372051
leptidea_sinapisG00000007570	58.1002087433599	-5.94237951283024	1.10651364686456	-5.37036260661467	7.85784810179024e-08	1.66361358853172e-05
